375
3771 6762 1103076 0 1350 800 78
3852 6752 1103086 1 1350 800 108
3863 6760 1103096 1 1350 800 110
3855 6769 1103106 1 1350 790 146
3862 6789 1103116 1 1350 770 170
3869 6818 1103126 1 1320 750 196
3878 6859 1103136 1 1330 730 254
3883 6906 1103146 1 1310 710 284
3883 6957 1103156 1 1330 690 306
3888 7010 1103166 1 1330 660 315
3883 7078 1103176 1 1330 630 330
3872 7157 1103186 1 1350 600 334
3849 7227 1103196 1 1350 590 344
3815 7292 1103206 1 1350 570 344
3774 7349 1103216 1 1360 550 349
3713 7377 1103226 1 1360 520 349
3637 7387 1103236 1 1360 500 348
3552 7359 1103246 1 1360 480 334
3463 7298 1103256 1 1350 460 287
3367 7215 1103266 1 1350 450 246
3267 7098 1103276 1 1350 440 207
3168 6943 1103286 1 1350 440 175
3071 6762 1103296 1 1350 440 141
2975 6579 1103306 1 1340 450 110
2890 6336 1103316 1 1340 450 103
2810 6052 1103326 1 1340 450 103
2744 5776 1103336 1 1330 450 144
2685 5575 1103346 1 1330 450 148
2650 5425 1103356 1 1310 450 144
2638 5309 1103366 1 1300 460 177
2638 5229 1103376 1 1290 460 184
2657 5172 1103386 1 1290 460 176
2684 5148 1103396 1 1260 460 218
2717 5153 1103406 1 1250 460 245
2762 5177 1103416 1 1250 460 281
2830 5239 1103426 1 1240 470 314
2912 5358 1103436 1 1230 470 342
3039 5516 1103446 1 1230 470 353
3197 5690 1103456 1 1230 470 369
3375 5883 1103466 1 1220 470 367
3553 6090 1103476 1 1220 470 376
3707 6257 1103486 1 1220 470 386
3846 6371 1103496 1 1220 470 386
3923 6450 1103506 1 1230 470 366
3956 6468 1103516 1 1230 470 358
3956 6428 1103526 1 1250 470 316
3927 6349 1103536 1 1250 470 198
3854 6205 1103546 1 1250 470 136
3755 5999 1103556 1 1260 470 117
3603 5751 1103566 1 1260 470 117
3449 5473 1103576 1 1260 470 122
3293 5134 1103586 1 1270 460 137
3144 4755 1103596 1 1260 460 172
2997 4437 1103606 1 1260 460 256
2850 4092 1103616 1 1250 460 245
2767 3728 1103626 1 1240 470 277
2727 3530 1103636 1 1230 470 277
2712 3384 1103646 1 1220 470 289
2729 3272 1103656 1 1210 480 301
2768 3224 1103666 1 1200 480 336
2830 3224 1103676 1 1190 480 368
2922 3268 1103686 1 1170 490 364
3033 3379 1103696 1 1150 480 369
3182 3549 1103706 1 1150 480 374
3327 3758 1103716 1 1140 480 374
3470 4004 1103726 1 1130 490 372
3615 4250 1103736 1 1130 490 374
3744 4495 1103746 1 1130 490 369
3862 4739 1103756 1 1130 490 351
3955 4980 1103766 1 1130 490 304
4033 5195 1103776 1 1130 490 206
4100 5394 1103786 1 1130 490 99
4001 6218 1103847 0 1190 470 17
3914 6485 1103857 1 1200 470 46
3887 6625 1103867 1 1210 470 56
3870 6704 1103877 1 1210 470 122
3861 6732 1103887 1 1220 460 153
3851 6727 1103897 1 1220 460 177
3840 6721 1103907 1 1230 460 179
3830 6694 1103917 1 1230 460 171
3821 6652 1103927 1 1230 460 213
3812 6566 1103937 1 1240 460 225
3805 6421 1103947 1 1240 460 256
3805 6236 1103957 1 1240 460 250
3799 6036 1103967 1 1250 450 255
3799 5822 1103977 1 1240 460 260
3799 5600 1103987 1 1240 460 272
3812 5369 1103997 1 1240 460 276
3823 5097 1104007 1 1240 460 296
3823 4798 1104017 1 1230 460 324
3823 4496 1104027 1 1230 460 333
3812 4170 1104037 1 1220 460 334
3817 3827 1104047 1 1220 460 338
3833 3559 1104057 1 1210 470 349
3863 3344 1104067 1 1200 470 348
3911 3165 1104077 1 1180 460 354
3971 3048 1104087 1 1180 480 358
4045 2975 1104097 1 1170 480 361
4123 2931 1104107 1 1150 480 363
4218 2931 1104117 1 1140 480 358
4324 3007 1104127 1 1120 480 349
4426 3131 1104137 1 1120 480 349
4535 3340 1104147 1 1110 480 315
4672 3592 1104157 1 1110 480 280
4825 3872 1104167 1 1100 480 257
4961 4183 1104177 1 1100 480 250
5117 4507 1104187 1 1100 480 242
5285 4841 1104197 1 1100 480 93
5725 6940 1104307 0 1220 470 141
5739 7059 1104317 1 1230 470 170
5722 7095 1104327 1 1240 470 191
5722 7116 1104337 1 1240 470 220
5722 7116 1104347 1 1250 460 206
5722 7116 1104357 1 1260 460 230
5735 7105 1104367 1 1290 460 249
5754 7078 1104377 1 1300 460 285
5777 7040 1104387 1 1300 460 289
5803 6985 1104397 1 1300 460 304
5829 6925 1104407 1 1310 450 307
5850 6857 1104417 1 1310 450 312
5868 6784 1104427 1 1310 450 314
5888 6712 1104437 1 1310 450 306
5903 6636 1104447 1 1310 450 299
5915 6528 1104457 1 1310 450 287
5915 6399 1104467 1 1310 450 281
5915 6226 1104477 1 1310 450 273
5904 6015 1104487 1 1300 460 280
5885 5779 1104497 1 1300 460 280
5866 5548 1104507 1 1300 460 280
5847 5264 1104518 1 1290 460 285
5834 4946 1104528 1 1290 460 297
5823 4651 1104538 1 1270 460 329
5823 4392 1104548 1 1260 470 379
5823 4156 1104558 1 1250 470 393
5839 3922 1104568 1 1250 480 417
5856 3735 1104578 1 1240 490 441
5875 3579 1104588 1 1230 490 440
5894 3455 1104598 1 1220 500 442
5912 3369 1104608 1 1200 500 440
5926 3308 1104618 1 1190 500 396
5938 3292 1104628 1 1180 510 337
6095 5373 1104718 0 1120 510 49
6256 5859 1104728 1 1130 510 17
6324 6083 1104738 1 1130 510 18
6415 6347 1104748 1 1150 500 17
6528 6611 1104758 1 1150 490 67
6655 6823 1104768 1 1170 490 98
6803 7002 1104778 1 1190 480 115
6949 7175 1104788 1 1200 480 171
7093 7287 1104798 1 1230 480 212
7209 7359 1104808 1 1240 480 239
7300 7393 1104818 1 1260 470 257
7374 7376 1104828 1 1280 470 282
7416 7324 1104838 1 1300 470 319
7435 7227 1104848 1 1300 470 351
7435 7075 1104858 1 1320 470 361
7413 6887 1104868 1 1330 460 371
7359 6686 1104878 1 1330 460 371
7285 6482 1104888 1 1340 470 374
7170 6267 1104898 1 1350 460 369
7051 6045 1104908 1 1350 460 363
6930 5836 1104918 1 1350 460 344
6787 5677 1104928 1 1340 470 338
6650 5551 1104938 1 1340 470 337
6540 5466 1104948 1 1330 470 337
6446 5432 1104958 1 1330 470 335
6367 5432 1104968 1 1320 480 345
6314 5482 1104978 1 1310 470 344
6278 5542 1104988 1 1300 480 348
6294 5610 1104998 1 1280 480 348
6357 5684 1104998 1 1270 480 368
6452 5786 1105008 1 1260 480 374
6599 5906 1105018 1 1260 480 393
6784 6030 1105028 1 1250 470 396
6995 6137 1105038 1 1250 470 404
7206 6234 1105048 1 1250 470 405
7420 6328 1105058 1 1250 470 407
7611 6426 1105068 1 1250 470 407
7785 6528 1105078 1 1250 470 413
7948 6600 1105088 1 1270 480 413
8053 6629 1105098 1 1270 480 413
8120 6629 1105108 1 1270 480 404
8157 6597 1105118 1 1300 480 387
8145 6516 1105128 1 1300 480 334
8099 6403 1105138 1 1300 480 280
8003 6250 1105148 1 1310 470 205
7862 6075 1105158 1 1320 480 163
7692 5886 1105168 1 1320 480 160
7524 5697 1105178 1 1320 480 163
7368 5536 1105188 1 1310 480 184
7221 5394 1105198 1 1310 480 190
7100 5251 1105208 1 1310 480 212
7003 5133 1105218 1 1290 490 241
6923 5033 1105228 1 1290 490 279
6867 4948 1105238 1 1290 490 292
6815 4892 1105248 1 1290 490 306
6804 4855 1105258 1 1290 490 309
6818 4846 1105268 1 1290 490 344
6863 4861 1105278 1 1280 480 382
6934 4892 1105288 1 1270 490 420
7022 4972 1105298 1 1260 480 438
7145 5075 1105308 1 1260 480 452
7293 5194 1105318 1 1260 480 463
7458 5318 1105328 1 1260 480 466
7592 5441 1105338 1 1260 480 474
7701 5523 1105348 1 1260 480 464
7793 5578 1105358 1 1260 480 471
7858 5602 1105368 1 1250 480 456
7884 5602 1105378 1 1250 480 448
7884 5577 1105388 1 1250 480 438
7840 5497 1105398 1 1250 480 418
7746 5361 1105409 1 1250 480 417
7619 5187 1105419 1 1250 480 420
7482 5011 1105429 1 1250 480 431
7341 4833 1105439 1 1240 490 449
7198 4654 1105449 1 1240 490 455
7091 4524 1105459 1 1240 490 473
7013 4418 1105469 1 1240 490 489
6954 4327 1105479 1 1240 490 492
6941 4294 1105489 1 1230 490 492
6956 4289 1105499 1 1230 490 496
6990 4302 1105509 1 1230 490 501
7050 4337 1105519 1 1230 490 504
7130 4388 1105529 1 1230 490 505
7222 4450 1105539 1 1230 490 504
7329 4507 1105549 1 1230 490 509
7423 4561 1105559 1 1230 490 502
7509 4580 1105569 1 1230 490 496
7564 4580 1105579 1 1220 500 464
7580 4529 1105589 1 1220 500 430
7570 4410 1105599 1 1220 500 377
7510 4245 1105609 1 1220 500 363
7413 4044 1105619 1 1220 500 366
7291 3848 1105629 1 1220 500 399
7199 3656 1105639 1 1220 500 407
7174 3587 1105649 1 1200 500 412
7193 3566 1105659 1 1200 500 425
7249 3578 1105669 1 1200 500 441
7334 3644 1105679 1 1200 500 443
7438 3760 1105689 1 1200 500 463
7545 3910 1105699 1 1200 500 473
7657 4069 1105709 1 1200 500 461
7780 4282 1105719 1 1200 500 456
7913 4532 1105729 1 1200 500 442
8019 4797 1105739 1 1210 510 414
8106 5078 1105749 1 1210 510 376
8180 5369 1105759 1 1210 510 312
8217 5627 1105769 1 1210 510 195
8230 5850 1105779 1 1210 510 1
8037 6330 1105810 0 1260 500 48
7817 6503 1105820 1 1270 500 142
7699 6503 1105830 1 1280 490 207
7610 6463 1105840 1 1280 490 247
7551 6392 1105850 1 1290 490 250
7513 6292 1105860 1 1290 490 269
7493 6172 1105870 1 1300 480 280
7484 5989 1105880 1 1300 480 273
7484 5732 1105890 1 1310 470 281
7477 5427 1105900 1 1310 470 292
7477 5033 1105910 1 1310 470 304
7471 4598 1105920 1 1300 470 339
7471 4136 1105930 1 1280 470 381
7471 3650 1105940 1 1270 480 422
7471 3197 1105950 1 1270 480 473
7471 2765 1105960 1 1250 480 485
7481 2397 1105970 1 1250 480 497
7498 2047 1105980 1 1230 490 496
7531 1709 1105990 1 1200 500 494
7573 1475 1106000 1 1180 510 494
7622 1287 1106010 1 1150 520 488
7674 1130 1106020 1 1110 530 474
7730 1020 1106030 1 1080 540 441
7785 976 1106040 1 1040 540 393
7835 976 1106050 1 1020 550 340
7881 1032 1106060 1 990 560 262
7920 1157 1106070 1 960 560 113
8880 4952 1106210 0 1050 550 5
9081 5345 1106220 1 1090 550 104
9156 5558 1106230 1 1110 530 148
9248 5741 1106240 1 1140 530 187
9347 5928 1106250 1 1150 520 211
9460 6118 1106260 1 1160 520 241
9582 6320 1106270 1 1170 520 249
9734 6544 1106280 1 1190 510 252
9904 6784 1106290 1 1200 510 250
10043 6964 1106300 1 1210 510 252
10149 7107 1106310 1 1220 500 249
10232 7225 1106320 1 1250 510 235
10292 7321 1106330 1 1260 500 211
10318 7392 1106340 1 1270 500 187
10318 7447 1106350 1 1280 490 108
10290 7486 1106360 1 1290 500 1
9999 7604 1106410 0 1330 480 41
9798 7568 1106420 1 1330 480 90
9699 7534 1106430 1 1330 480 107
9630 7494 1106440 1 1350 490 132
9580 7444 1106450 1 1350 490 151
9509 7349 1106460 1 1350 490 181
9443 7228 1106470 1 1350 490 215
9385 7095 1106480 1 1340 480 230
9334 6930 1106490 1 1350 470 255
9292 6745 1106500 1 1350 470 275
9259 6557 1106510 1 1350 470 285
9233 6334 1106520 1 1350 470 284
9212 6087 1106530 1 1340 480 304
9196 5817 1106540 1 1340 480 309
9184 5556 1106550 1 1330 480 330
9174 5300 1106560 1 1330 480 341
9165 5027 1106570 1 1320 490 364
9171 4800 1106580 1 1320 490 398
9187 4603 1106590 1 1300 500 402
9231 4486 1106600 1 1290 500 423
9304 4411 1106610 1 1280 500 430
9397 4364 1106620 1 1270 510 441
9497 4369 1106630 1 1260 510 443
9611 4425 1106640 1 1260 510 443
9733 4516 1106650 1 1240 520 444
9869 4630 1106660 1 1220 510 448
10008 4774 1106670 1 1220 510 448
10129 4937 1106680 1 1210 520 440
10236 5090 1106690 1 1210 520 440
10330 5238 1106701 1 1210 520 428
10395 5374 1106711 1 1210 520 399
10440 5505 1106721 1 1210 520 361
10440 5595 1106731 1 1220 530 315
10404 5662 1106741 1 1220 530 287
10345 5713 1106751 1 1220 530 269
10272 5753 1106761 1 1220 530 272
10199 5772 1106771 1 1230 520 291
10144 5772 1106781 1 1230 520 309
10101 5764 1106791 1 1230 520 312
10087 5750 1106801 1 1230 520 319
10087 5733 1106811 1 1250 530 334
10094 5664 1106821 1 1250 530 338
10094 5561 1106831 1 1250 530 354
10105 5416 1106841 1 1250 530 364
10115 5237 1106851 1 1270 520 368
10128 5036 1106861 1 1270 520 369
10142 4785 1106871 1 1250 530 386
10157 4544 1106881 1 1250 530 404
10169 4311 1106891 1 1250 530 431
10183 4088 1106891 1 1250 530 452
10204 3884 1106901 1 1240 530 473
10220 3692 1106911 1 1240 530 485
10230 3525 1106921 1 1240 530 496
10230 3366 1106931 1 1230 530 520
10206 3212 1106941 1 1230 530 538
10170 3069 1106951 1 1230 550 545
10117 2961 1106961 1 1230 550 550
10049 2876 1106971 1 1230 550 550
9972 2840 1106981 1 1210 550 545
9893 2877 1106991 1 1210 550 515
9816 2963 1107001 1 1210 550 481
9743 3116 1107011 1 1210 550 427
9676 3310 1107021 1 1210 550 382
9613 3532 1107031 1 1210 550 304
9550 3739 1107041 1 1210 550 103
9091 4446 1107192 0 1240 490 108
9091 4446 1107202 1 1240 490 149
9090 4297 1107212 1 1240 490 198
9083 4184 1107222 1 1240 490 233
9075 4052 1107232 1 1240 490 257
9063 3919 1107242 1 1250 500 279
9050 3816 1107252 1 1250 500 280
9065 3733 1107262 1 1250 500 245
9108 3701 1107272 1 1250 500 177
9169 3715 1107282 1 1240 500 50
10525 4544 1107382 0 1240 520 50
11005 4752 1107392 1 1240 520 149
11164 4796 1107402 1 1240 520 260
11273 4796 1107412 1 1250 530 345
11331 4760 1107422 1 1250 530 389
11350 4706 1107432 1 1250 530 415
11344 4635 1107442 1 1250 530 420
11344 4553 1107452 1 1270 530 30
