180
2621 5159 52537434 0 1270 480 134
2621 5159 52537444 1 1270 480 177
2621 5159 52537454 1 1280 480 180
2621 5159 52537464 1 1280 480 211
2621 5159 52537474 1 1280 480 282
2749 5205 52537484 1 1290 490 344
2860 5230 52537494 1 1290 490 394
3021 5270 52537504 1 1290 490 402
3215 5320 52537514 1 1300 500 404
3403 5379 52537524 1 1300 500 402
3594 5443 52537534 1 1320 500 339
3497 6314 52537655 0 1340 480 448
3470 6234 52537665 1 1340 480 433
3431 6196 52537675 1 1350 470 440
3381 6150 52537685 1 1350 470 439
3337 6018 52537695 1 1340 470 472
3337 5828 52537705 1 1350 460 517
3337 5602 52537715 1 1350 460 564
3337 5308 52537725 1 1350 460 613
3360 4969 52537735 1 1340 470 647
3389 4581 52537745 1 1350 470 647
3423 4166 52537755 1 1340 480 649
3450 3733 52537765 1 1330 480 643
3471 3400 52537775 1 1330 500 616
3477 3113 52537785 1 1320 500 529
3477 2856 52537795 1 1300 510 393
3466 2727 52537805 1 1320 510 56
3111 4979 52537935 0 1180 540 490
3262 5112 52537945 1 1180 530 498
3165 5140 52537955 1 1200 520 490
3091 5085 52537965 1 1210 510 496
2986 4974 52537975 1 1240 500 493
2860 4728 52537985 1 1240 500 488
2717 4478 52537995 1 1240 490 496
2560 4211 52538005 1 1250 480 453
2393 3935 52538015 1 1250 480 309
2843 4832 52538085 0 1270 500 163
3089 5062 52538095 1 1260 500 226
3144 5110 52538105 1 1270 510 267
3157 5149 52538115 1 1270 510 371
3197 5122 52538125 1 1270 510 466
3256 5065 52538135 1 1270 510 527
3327 4988 52538145 1 1270 510 563
3423 4883 52538155 1 1270 510 580
3556 4777 52538165 1 1270 510 575
3713 4672 52538175 1 1270 510 536
3879 4573 52538185 1 1270 510 209
4301 5554 52538366 0 1300 510 539
4301 5554 52538376 1 1300 510 526
4301 5554 52538386 1 1320 500 521
4301 5554 52538396 1 1320 490 526
4301 5554 52538406 1 1320 480 533
4388 5601 52538416 1 1340 470 532
4575 5617 52538426 1 1330 460 530
4789 5646 52538436 1 1330 460 535
4981 5683 52538446 1 1340 460 529
5158 5719 52538456 1 1330 460 400
5288 6636 52538576 0 1370 500 488
5295 6513 52538586 1 1380 490 448
5187 6403 52538596 1 1380 490 468
5102 6367 52538606 1 1390 480 520
5033 6187 52538616 1 1390 480 554
4993 5910 52538626 1 1400 480 594
4951 5609 52538636 1 1400 480 628
4906 5235 52538646 1 1400 480 647
4865 4812 52538656 1 1400 480 661
4827 4374 52538666 1 1400 480 670
4806 3928 52538676 1 1390 480 665
4795 3592 52538686 1 1380 490 671
4805 3331 52538696 1 1380 500 653
4820 3153 52538706 1 1370 510 584
4845 3043 52538716 1 1350 520 391
4610 4935 52538846 0 1220 570 570
4715 5046 52538856 1 1230 560 566
4649 5060 52538866 1 1250 550 561
4611 5065 52538876 1 1280 540 560
4525 4996 52538886 1 1280 530 561
4408 4877 52538896 1 1290 520 566
4259 4726 52538906 1 1290 510 570
4077 4583 52538916 1 1300 510 570
3873 4409 52538926 1 1320 500 566
3715 4215 52538936 1 1300 500 522
3646 4125 52538946 1 1320 490 312
4588 5089 52539037 0 1260 490 423
4819 5056 52539047 1 1260 490 444
4824 5030 52539057 1 1260 490 532
4910 5001 52539067 1 1260 490 566
5013 4898 52539077 1 1270 500 591
5128 4787 52539087 1 1270 500 585
5248 4670 52539097 1 1270 500 591
5367 4548 52539107 1 1280 500 488
6678 5938 52539457 0 1250 450 546
6804 5988 52539467 1 1280 450 496
6735 6070 52539477 1 1310 460 513
6713 6104 52539487 1 1340 470 512
6723 6104 52539497 1 1370 460 519
6747 6072 52539507 1 1390 460 526
6776 6011 52539517 1 1400 470 529
6820 5931 52539527 1 1400 470 527
6872 5836 52539537 1 1430 460 524
6921 5736 52539547 1 1440 470 499
6970 5627 52539557 1 1440 470 344
6530 3901 52539697 0 1350 520 647
6634 3692 52539707 1 1340 520 634
6567 3709 52539717 1 1330 520 645
6503 3721 52539727 1 1310 520 634
6503 3721 52539737 1 1300 520 631
6540 3775 52539747 1 1290 520 634
6625 3859 52539757 1 1290 520 628
6741 4019 52539767 1 1290 520 600
6877 4199 52539777 1 1290 520 494
7007 4392 52539787 1 1290 520 242
7771 5634 52539998 0 1470 470 364
7635 5495 52540008 1 1480 460 396
7552 5510 52540018 1 1480 460 415
7537 5550 52540028 1 1480 460 417
7567 5484 52540038 1 1480 460 443
7596 5371 52540048 1 1470 470 460
7621 5228 52540058 1 1460 470 465
7638 5098 52540068 1 1450 470 439
7651 4972 52540078 1 1430 480 276
7659 5255 52540188 0 1370 510 240
7738 5455 52540198 1 1370 510 262
7784 5552 52540208 1 1370 510 307
7846 5647 52540218 1 1370 510 346
7949 5695 52540228 1 1380 510 413
8074 5747 52540238 1 1380 510 483
8238 5801 52540248 1 1380 510 548
8427 5862 52540258 1 1400 520 600
8633 5917 52540268 1 1410 510 637
8833 5947 52540278 1 1410 510 664
9031 5963 52540288 1 1430 510 693
9201 5950 52540298 1 1440 510 733
9351 5916 52540308 1 1440 510 733
9496 5868 52540318 1 1470 510 736
9590 5790 52540328 1 1480 510 742
9651 5710 52540338 1 1490 520 751
9668 5628 52540348 1 1490 520 748
9658 5528 52540358 1 1500 520 751
9631 5423 52540368 1 1520 530 746
9593 5312 52540378 1 1530 530 721
9537 5204 52540388 1 1540 530 636
9469 5102 52540398 1 1540 530 510
9365 5002 52540408 1 1560 530 205
7842 4535 52540509 0 1500 550 485
7787 4522 52540519 1 1490 550 496
7776 4588 52540529 1 1470 550 499
7848 4622 52540539 1 1460 550 504
7976 4675 52540549 1 1450 550 540
8171 4742 52540559 1 1440 540 591
8361 4812 52540569 1 1420 540 636
8548 4868 52540579 1 1420 540 646
8730 4899 52540589 1 1410 530 643
8914 4918 52540599 1 1410 530 644
9100 4945 52540609 1 1410 530 561
9252 4991 52540619 1 1420 540 394
8672 6904 52540779 0 1540 500 267
8710 6985 52540789 1 1540 490 291
8710 7015 52540799 1 1550 480 337
8678 7032 52540809 1 1550 470 336
8678 6996 52540819 1 1550 460 389
8689 6926 52540829 1 1550 460 488
8702 6775 52540839 1 1550 460 589
8696 6558 52540849 1 1540 460 667
8677 6296 52540859 1 1540 460 708
8634 5924 52540869 1 1530 470 739
8590 5513 52540879 1 1530 470 760
8544 5075 52540889 1 1520 480 777
8501 4619 52540899 1 1510 480 788
8476 4197 52540909 1 1510 490 800
8462 3798 52540919 1 1480 500 814
8469 3465 52540929 1 1470 510 820
8476 3179 52540939 1 1450 530 823
8494 2924 52540949 1 1420 540 823
8519 2721 52540959 1 1400 550 815
8535 2585 52540969 1 1390 560 808
8544 2495 52540979 1 1360 570 784
8544 2435 52540989 1 1340 580 737
8552 2415 52540999 1 1320 590 667
8552 2421 52541009 1 1290 600 440
