182
1801 5379 8784150 0 1350 760 106
1773 5514 8784150 1 1320 740 148
1768 5583 8784160 1 1310 710 161
1774 5625 8784170 1 1310 690 212
1793 5666 8784180 1 1310 680 269
1833 5718 8784190 1 1300 660 315
1886 5778 8784200 1 1300 650 358
1974 5865 8784210 1 1320 630 382
2101 5961 8784220 1 1310 610 399
2253 6063 8784230 1 1340 580 397
2401 6153 8784240 1 1340 570 413
2546 6222 8784250 1 1340 550 436
2688 6276 8784260 1 1350 530 455
2795 6310 8784270 1 1360 520 474
2886 6319 8784280 1 1350 520 473
2965 6311 8784290 1 1360 510 478
3018 6276 8784300 1 1360 510 486
3043 6203 8784310 1 1370 510 496
3048 6105 8784320 1 1370 510 495
2998 5958 8784330 1 1380 500 496
2905 5781 8784340 1 1380 500 498
2782 5583 8784350 1 1400 500 499
2636 5382 8784360 1 1400 500 530
2490 5197 8784370 1 1400 500 559
2385 5024 8784380 1 1400 500 569
2306 4902 8784390 1 1400 500 570
2269 4830 8784400 1 1400 500 572
2256 4792 8784410 1 1400 500 566
2256 4792 8784420 1 1380 500 560
2277 4811 8784430 1 1380 500 566
2338 4837 8784440 1 1370 510 561
2427 4909 8784450 1 1370 510 566
2547 4985 8784460 1 1350 510 563
2669 5064 8784470 1 1350 510 570
2791 5109 8784480 1 1350 510 575
2869 5109 8784490 1 1340 510 572
2908 5075 8784500 1 1340 510 575
2920 4997 8784510 1 1340 510 572
2875 4855 8784520 1 1350 510 569
2782 4670 8784530 1 1340 510 572
2657 4487 8784540 1 1340 510 580
2508 4291 8784550 1 1340 510 594
2389 4121 8784560 1 1340 510 594
2291 3973 8784570 1 1330 520 594
2243 3888 8784580 1 1330 520 595
2243 3857 8784590 1 1330 520 581
2281 3862 8784600 1 1330 520 543
2388 3895 8784610 1 1330 520 477
2545 3956 8784620 1 1330 520 473
2734 4037 8784630 1 1330 520 464
2901 4097 8784640 1 1310 520 478
3041 4072 8784650 1 1310 520 492
3164 3991 8784660 1 1310 520 522
3205 3822 8784670 1 1310 520 586
3189 3594 8784680 1 1300 530 594
3134 3326 8784690 1 1300 530 585
3058 3044 8784700 1 1300 530 594
2961 2789 8784710 1 1290 530 603
2849 2551 8784720 1 1290 530 603
2748 2385 8784730 1 1290 530 592
2671 2300 8784740 1 1280 540 550
2610 2270 8784750 1 1280 540 461
2597 2377 8784760 1 1260 540 137
2766 3834 8784811 0 1240 550 148
3013 4509 8784821 1 1230 550 225
3164 4797 8784831 1 1230 550 292
3319 5046 8784841 1 1230 550 363
3477 5270 8784851 1 1220 540 388
3664 5501 8784861 1 1220 540 397
3867 5699 8784871 1 1230 530 399
4058 5876 8784881 1 1230 530 400
4247 6025 8784891 1 1240 530 397
4435 6112 8784901 1 1240 520 400
4557 6157 8784911 1 1260 510 400
4618 6125 8784921 1 1280 520 422
4639 6008 8784931 1 1290 510 438
4583 5834 8784941 1 1300 510 444
4473 5594 8784951 1 1300 510 444
4328 5288 8784961 1 1320 500 448
4144 4937 8784971 1 1320 500 439
3969 4584 8784981 1 1320 500 473
3801 4274 8784991 1 1320 500 539
3670 3994 8785001 1 1320 500 592
3608 3801 8785011 1 1300 510 605
3592 3696 8785021 1 1300 510 600
3633 3650 8785031 1 1300 510 605
3716 3650 8785041 1 1290 510 620
3826 3730 8785051 1 1290 510 611
3947 3863 8785061 1 1280 520 622
4097 4077 8785071 1 1270 520 622
4265 4341 8785081 1 1250 530 622
4423 4638 8785091 1 1250 530 602
4575 4984 8785101 1 1250 530 578
4722 5354 8785111 1 1250 530 538
4845 5740 8785121 1 1250 530 504
4927 6099 8785131 1 1250 530 488
4981 6420 8785141 1 1250 530 486
4996 6716 8785151 1 1280 530 486
4962 6922 8785161 1 1290 520 499
4894 7032 8785171 1 1300 520 515
4821 7077 8785181 1 1320 510 522
4715 7029 8785191 1 1330 510 522
4586 6855 8785201 1 1330 510 515
4449 6597 8785211 1 1340 500 516
4313 6228 8785221 1 1350 500 532
4177 5803 8785231 1 1350 500 561
4068 5341 8785241 1 1360 490 591
3977 4765 8785251 1 1360 490 611
3926 4174 8785261 1 1360 490 616
3932 3572 8785271 1 1360 490 630
3975 3135 8785281 1 1350 500 644
4079 2840 8785291 1 1340 500 647
4214 2641 8785301 1 1330 510 659
4370 2586 8785311 1 1330 510 655
4525 2619 8785321 1 1300 520 661
4672 2712 8785331 1 1280 520 655
4801 2935 8785341 1 1270 520 655
4920 3220 8785351 1 1240 530 638
5009 3547 8785361 1 1230 530 592
5075 3910 8785371 1 1230 530 554
5126 4228 8785381 1 1220 540 535
5117 4515 8785391 1 1210 550 535
5054 4639 8785401 1 1210 550 540
4954 4670 8785411 1 1210 550 542
4810 4640 8785421 1 1210 550 575
4667 4548 8785431 1 1210 550 622
4524 4462 8785441 1 1210 550 647
4506 4381 8785451 1 1220 540 661
4593 4235 8785461 1 1220 540 676
4751 4104 8785471 1 1230 530 688
4978 3984 8785481 1 1230 530 707
5256 3772 8785491 1 1240 530 746
5568 3558 8785501 1 1250 540 754
5888 3359 8785511 1 1250 540 760
6174 3172 8785521 1 1270 530 761
6437 3006 8785531 1 1280 540 670
6711 2873 8785541 1 1260 540 394
7441 4919 8785733 0 1330 540 307
7393 4989 8785743 1 1340 540 339
7383 5064 8785753 1 1340 520 386
7374 5149 8785763 1 1350 520 442
7429 5242 8785773 1 1370 510 467
7550 5304 8785783 1 1380 510 495
7715 5365 8785793 1 1380 510 501
7924 5425 8785803 1 1400 520 526
8121 5472 8785813 1 1410 520 545
8309 5510 8785823 1 1410 520 559
8511 5532 8785833 1 1410 530 561
8654 5520 8785843 1 1410 530 561
8758 5485 8785853 1 1410 530 556
8785 5396 8785863 1 1410 530 562
8730 5247 8785873 1 1430 530 559
8620 5059 8785883 1 1430 530 557
8438 4822 8785893 1 1430 530 561
8220 4584 8785903 1 1420 540 581
7979 4358 8785913 1 1440 540 638
7757 4140 8785923 1 1440 540 708
7612 3975 8785933 1 1440 540 737
7517 3871 8785943 1 1440 540 749
7506 3808 8785953 1 1440 540 750
7561 3788 8785963 1 1440 540 770
7659 3807 8785973 1 1440 540 771
7836 3853 8785983 1 1440 540 780
8063 3938 8785993 1 1440 540 787
8322 4038 8786003 1 1440 540 788
8600 4148 8786013 1 1430 550 784
8860 4249 8786023 1 1430 550 782
9108 4306 8786033 1 1430 550 784
9256 4333 8786043 1 1430 550 777
9329 4283 8786053 1 1440 560 756
9351 4168 8786063 1 1440 560 740
9265 4010 8786073 1 1440 560 730
9086 3784 8786083 1 1440 570 725
8845 3532 8786093 1 1440 570 737
8527 3262 8786103 1 1440 570 785
8188 2940 8786113 1 1440 570 848
7836 2617 8786123 1 1430 570 933
7601 2375 8786133 1 1430 570 979
7536 2188 8786143 1 1430 570 1023
7585 2118 8786153 1 1440 580 1023
7945 2211 8786163 1 1440 580 1023
8582 2412 8786173 1 1440 580 833
