280
4353 7238 8042284 0 1420 500 361
4353 7238 8042294 1 1420 500 418
4353 7238 8042304 1 1420 500 453
4341 7326 8042314 1 1420 500 472
4341 7340 8042324 1 1420 500 544
4347 7354 8042334 1 1420 500 600
4347 7367 8042344 1 1430 510 628
4347 7367 8042354 1 1430 510 646
4340 7367 8042364 1 1440 500 662
4340 7367 8042374 1 1440 500 673
4319 7367 8042384 1 1440 500 679
4290 7329 8042394 1 1440 500 679
4224 7272 8042404 1 1440 500 684
4115 7146 8042414 1 1440 500 684
3977 6953 8042424 1 1440 500 653
3830 6715 8042434 1 1440 500 602
3682 6497 8042444 1 1440 500 448
3164 5084 8042544 0 1350 520 708
3176 4925 8042554 1 1340 520 719
3143 4925 8042564 1 1340 520 690
3143 4947 8042574 1 1310 520 699
3172 4954 8042584 1 1310 520 690
3188 4982 8042594 1 1300 530 696
3204 5024 8042604 1 1300 530 697
3243 5091 8042614 1 1290 530 694
3297 5204 8042624 1 1290 530 696
3388 5348 8042634 1 1290 530 700
3502 5518 8042644 1 1290 530 707
3632 5669 8042654 1 1290 530 717
3767 5807 8042664 1 1290 530 721
3877 5949 8042674 1 1290 530 748
3970 6076 8042684 1 1290 530 751
4070 6175 8042694 1 1300 540 754
4168 6259 8042704 1 1300 540 746
4246 6320 8042714 1 1310 540 700
4311 6342 8042724 1 1310 540 563
4340 6342 8042734 1 1310 540 291
3738 5369 8042804 0 1340 520 496
3564 5007 8042814 1 1340 520 564
3492 4920 8042824 1 1330 520 561
3472 4858 8042834 1 1330 520 557
3486 4850 8042844 1 1310 520 565
3537 4878 8042854 1 1310 520 560
3594 4958 8042864 1 1310 520 564
3681 5083 8042874 1 1310 520 566
3787 5239 8042884 1 1300 530 543
3881 5440 8042894 1 1300 530 494
3952 5658 8042904 1 1300 530 483
4008 5887 8042914 1 1300 530 493
4028 6121 8042924 1 1300 530 521
4040 6321 8042934 1 1300 530 589
4047 6499 8042944 1 1310 540 655
4047 6604 8042954 1 1310 540 710
4039 6658 8042964 1 1310 540 746
4026 6678 8042974 1 1330 530 757
4003 6678 8042984 1 1330 530 771
3974 6668 8042994 1 1340 520 774
3942 6633 8043004 1 1340 520 784
3904 6582 8043014 1 1350 520 791
3868 6488 8043024 1 1350 520 784
3838 6356 8043034 1 1360 510 793
3818 6200 8043044 1 1360 510 805
3809 6017 8043054 1 1370 510 815
3819 5763 8043064 1 1370 510 823
3842 5463 8043074 1 1370 510 824
3887 5083 8043084 1 1370 510 821
3927 4775 8043094 1 1360 510 817
3964 4514 8043104 1 1370 520 834
3991 4373 8043114 1 1370 520 845
4019 4279 8043124 1 1360 520 848
4052 4217 8043134 1 1360 520 851
4103 4190 8043144 1 1350 530 851
4164 4206 8043154 1 1340 540 854
4259 4252 8043164 1 1340 540 854
4373 4367 8043174 1 1330 540 854
4500 4532 8043184 1 1310 550 867
4647 4731 8043194 1 1310 550 878
4799 4956 8043204 1 1300 550 911
4919 5161 8043214 1 1300 550 950
5015 5352 8043224 1 1290 560 993
5101 5533 8043234 1 1290 560 1023
5153 5657 8043244 1 1300 560 1023
5183 5744 8043254 1 1300 560 1023
5183 5832 8043264 1 1300 560 1023
5157 5918 8043274 1 1300 560 1023
5108 6001 8043284 1 1320 570 1023
5039 6090 8043294 1 1320 570 953
4976 6183 8043304 1 1340 560 848
4916 6269 8043314 1 1340 560 617
4881 6356 8043324 1 1350 550 301
4958 6793 8043355 0 1390 550 280
5117 7108 8043365 1 1400 540 494
5202 7234 8043375 1 1400 540 614
5275 7321 8043385 1 1410 530 685
5340 7382 8043395 1 1420 530 708
5386 7420 8043405 1 1420 530 708
5425 7434 8043415 1 1420 530 702
5459 7434 8043425 1 1430 520 694
5489 7414 8043435 1 1430 520 666
5520 7361 8043445 1 1430 520 661
5553 7286 8043455 1 1440 510 662
5583 7135 8043465 1 1440 510 670
5611 6851 8043475 1 1440 510 694
5644 6479 8043485 1 1440 510 733
5670 5956 8043495 1 1430 520 802
5692 5511 8043505 1 1430 520 896
5706 5118 8043515 1 1420 530 968
5720 4922 8043525 1 1410 530 997
5734 4802 8043535 1 1410 530 982
5747 4733 8043545 1 1400 540 990
5760 4722 8043555 1 1370 540 1005
5767 4745 8043565 1 1370 540 988
5767 4791 8043575 1 1360 550 941
5776 5021 8043585 1 1350 550 827
5768 5380 8043595 1 1340 560 391
5768 5380 8043616 0 1340 560 104
5804 6869 8043626 1 1320 570 327
5918 7268 8043636 1 1310 570 543
6054 7629 8043646 1 1310 570 697
6237 7883 8043656 1 1320 580 757
6450 8066 8043666 1 1320 580 814
6647 8206 8043676 1 1340 570 849
6818 8260 8043686 1 1350 580 875
6971 8260 8043696 1 1360 570 896
7073 8180 8043706 1 1380 570 927
7144 8019 8043716 1 1400 560 942
7193 7803 8043726 1 1400 560 951
7193 7598 8043736 1 1430 560 937
7153 7414 8043746 1 1440 560 943
7078 7245 8043756 1 1460 550 941
6965 7105 8043766 1 1460 550 951
6813 6980 8043776 1 1490 550 942
6634 6866 8043786 1 1490 550 945
6484 6835 8043796 1 1490 550 924
6372 6868 8043806 1 1490 550 896
6284 6945 8043816 1 1490 550 893
6228 7034 8043826 1 1490 550 899
6238 7128 8043836 1 1490 550 911
6291 7226 8043846 1 1490 550 939
6410 7329 8043856 1 1490 550 935
6561 7411 8043866 1 1490 550 956
6732 7478 8043876 1 1490 550 982
6912 7524 8043886 1 1470 550 997
7074 7533 8043896 1 1470 550 978
7205 7518 8043906 1 1460 550 977
7320 7478 8043916 1 1460 550 989
7395 7397 8043926 1 1460 550 949
7411 7289 8043936 1 1480 560 909
7388 7153 8043946 1 1480 560 849
7293 6988 8043956 1 1480 560 799
7146 6805 8043966 1 1490 550 784
6965 6636 8043976 1 1480 560 796
6775 6466 8043986 1 1480 560 827
6649 6340 8043996 1 1480 560 819
6565 6245 8044006 1 1480 560 827
6528 6199 8044016 1 1480 560 861
6520 6189 8044026 1 1480 560 891
6531 6204 8044036 1 1470 560 908
6558 6241 8044046 1 1470 560 918
6619 6321 8044056 1 1470 560 927
6703 6430 8044066 1 1470 560 930
6801 6519 8044076 1 1470 560 926
6879 6543 8044086 1 1470 560 924
6943 6523 8044096 1 1470 560 921
6980 6411 8044106 1 1440 570 923
6986 6191 8044116 1 1460 570 914
6972 5898 8044126 1 1460 570 906
6932 5567 8044136 1 1460 570 918
6880 5308 8044146 1 1440 580 920
6821 5098 8044156 1 1440 580 920
6800 4979 8044166 1 1460 580 909
6800 4921 8044176 1 1450 590 896
6811 4905 8044186 1 1450 590 897
6842 4950 8044196 1 1440 600 853
6888 5107 8044206 1 1440 600 806
6943 5340 8044216 1 1440 610 731
6968 5667 8044226 1 1440 610 687
6978 6072 8044236 1 1430 620 699
6978 6530 8044246 1 1430 620 734
7009 6865 8044256 1 1430 620 753
7051 7116 8044266 1 1430 620 773
7101 7310 8044276 1 1430 620 790
7139 7475 8044286 1 1430 620 788
7148 7601 8044296 1 1430 620 809
7137 7702 8044306 1 1420 610 824
7108 7773 8044316 1 1420 610 825
7077 7816 8044326 1 1440 600 834
7045 7841 8044336 1 1440 600 833
7019 7835 8044346 1 1450 590 839
6993 7763 8044356 1 1460 580 860
6968 7647 8044366 1 1460 580 906
6947 7313 8044376 1 1490 580 935
6954 6719 8044386 1 1490 580 991
6978 5951 8044396 1 1490 580 989
7076 4920 8044406 1 1500 570 961
7218 3959 8044416 1 1500 570 1020
7388 3046 8044426 1 1490 580 1023
7388 2652 8044436 1 1470 590 1023
7405 2396 8044446 1 1470 610 1023
7431 2233 8044456 1 1440 620 1023
7442 2156 8044466 1 1430 630 1023
7442 2145 8044476 1 1400 650 1002
7429 2179 8044486 1 1390 670 941
7387 2272 8044496 1 1350 680 897
7334 2431 8044506 1 1330 690 867
7273 2633 8044516 1 1290 700 828
7230 2951 8044526 1 1270 700 791
7217 3371 8044536 1 1220 710 765
7224 3858 8044546 1 1150 710 748
7304 4538 8044556 1 1120 720 685
7466 5318 8044566 1 1120 720 602
7682 6166 8044576 1 1120 720 641
7997 6955 8044586 1 1120 720 720
8318 7592 8044596 1 1090 720 791
8657 8128 8044606 1 1050 710 845
9005 8571 8044616 1 1050 710 875
9253 8912 8044626 1 1080 710 894
9456 9184 8044636 1 1110 710 935
9630 9404 8044646 1 1170 710 940
9729 9559 8044656 1 1220 700 956
9639 9623 8044696 0 1390 670 979
9541 9493 8044706 1 1420 660 987
9421 9299 8044716 1 1470 650 990
9302 9063 8044726 1 1480 650 1003
9166 8723 8044736 1 1510 640 1023
9017 8261 8044746 1 1530 630 1023
8831 7717 8044756 1 1550 630 1023
8649 7122 8044766 1 1550 630 1023
8505 6580 8044776 1 1560 620 1023
8386 6245 8044786 1 1560 620 1023
8320 6030 8044796 1 1560 620 1023
8307 5892 8044806 1 1560 620 1023
8329 5856 8044816 1 1550 620 1023
8402 5887 8044826 1 1540 630 1023
8520 6045 8044836 1 1540 630 1023
8667 6318 8044846 1 1530 630 1023
8834 6667 8044856 1 1530 630 1000
9026 7084 8044866 1 1510 640 1023
9234 7433 8044876 1 1510 640 1021
9411 7736 8044886 1 1500 640 1023
9540 7944 8044896 1 1500 640 1023
9638 8074 8044906 1 1500 640 1023
9664 8152 8044916 1 1510 640 1023
9647 8152 8044926 1 1510 640 1023
9601 8011 8044936 1 1510 640 1023
9543 7782 8044946 1 1510 640 1023
9479 7349 8044956 1 1500 650 1023
9410 6767 8044966 1 1520 650 1023
9371 6085 8044976 1 1520 650 1023
9345 5557 8044986 1 1510 660 1023
9327 5212 8044996 1 1500 670 1023
9313 4988 8045006 1 1480 680 1023
9301 4820 8045016 1 1470 690 1023
9296 4745 8045026 1 1470 690 1023
9296 4731 8045036 1 1450 700 1023
9265 4763 8045046 1 1430 700 1008
9205 4903 8045056 1 1420 710 951
9095 5115 8045066 1 1400 720 935
8965 5326 8045076 1 1350 730 937
8822 5384 8045086 1 1320 740 1011
8716 5339 8045096 1 1300 750 1023
8646 5194 8045106 1 1300 750 1023
8600 4960 8045116 1 1270 750 1023
8579 4668 8045126 1 1240 740 1023
8570 4452 8045136 1 1210 750 1023
8570 4286 8045146 1 1180 750 1023
8579 4154 8045156 1 1180 750 1023
8604 4100 8045166 1 1180 750 1023
8637 4089 8045176 1 1160 740 1023
8686 4106 8045186 1 1160 740 1023
8740 4196 8045196 1 1160 740 806
8786 4377 8045206 1 1150 740 37
9267 5756 8045258 0 1180 730 1023
9656 5711 8045268 1 1210 730 1023
9733 5567 8045278 1 1210 730 1023
9819 5386 8045288 1 1210 730 1023
9884 5180 8045298 1 1220 740 1023
9936 5071 8045308 1 1220 740 1023
9931 4987 8045318 1 1220 740 1023
9862 4920 8045328 1 1220 740 570
