221
3943 5702 196362 0 1350 650 252
3943 5702 196372 1 1370 630 301
3943 5702 196382 1 1370 620 337
3943 5702 196392 1 1360 610 348
3965 5785 196402 1 1360 600 387
3981 5840 196412 1 1350 590 420
4003 5911 196422 1 1350 580 441
4027 5978 196432 1 1360 570 449
4040 6056 196442 1 1360 570 443
4047 6128 196452 1 1380 570 448
4035 6192 196462 1 1390 570 463
4002 6247 196472 1 1390 570 465
3955 6275 196482 1 1420 570 485
3885 6284 196492 1 1420 570 515
3801 6261 196502 1 1420 570 551
3708 6203 196512 1 1430 570 595
3605 6121 196522 1 1440 570 617
3515 5999 196532 1 1440 570 646
3434 5856 196542 1 1440 570 664
3365 5698 196552 1 1450 560 666
3320 5571 196562 1 1450 560 667
3292 5480 196572 1 1450 560 670
3292 5413 196582 1 1450 560 669
3313 5375 196592 1 1440 570 670
3351 5362 196602 1 1440 570 673
3410 5362 196612 1 1440 570 667
3489 5415 196622 1 1430 570 664
3582 5496 196632 1 1430 570 662
3692 5598 196642 1 1400 580 668
3803 5702 196652 1 1400 580 670
3879 5802 196662 1 1400 580 661
3931 5895 196672 1 1400 580 668
3960 5945 196682 1 1400 580 667
3970 5967 196692 1 1400 580 670
3970 5967 196702 1 1400 580 671
3970 5956 196712 1 1420 580 678
3980 5896 196722 1 1420 580 694
3980 5802 196732 1 1430 570 707
3965 5678 196742 1 1430 570 727
3932 5515 196752 1 1430 570 754
3880 5326 196762 1 1430 570 780
3814 5114 196772 1 1430 570 794
3732 4895 196782 1 1430 570 815
3632 4663 196792 1 1430 570 839
3520 4464 196802 1 1430 570 861
3404 4289 196812 1 1430 570 869
3278 4128 196822 1 1420 580 885
3145 3995 196832 1 1420 580 896
2998 3882 196842 1 1390 580 897
2852 3788 196852 1 1390 580 896
2709 3731 196862 1 1380 590 896
2562 3699 196872 1 1360 600 899
2414 3712 196882 1 1360 600 891
2289 3776 196892 1 1350 600 873
2162 3873 196902 1 1340 600 840
2034 4003 196912 1 1340 600 797
1937 4137 196922 1 1340 600 724
1879 4275 196932 1 1340 600 570
1848 4385 196942 1 1340 600 221
5123 5768 197223 0 1490 470 18
5123 5768 197233 1 1490 480 359
5078 5844 197243 1 1490 480 364
5014 5916 197253 1 1480 480 361
4996 5965 197263 1 1470 490 367
4979 6021 197273 1 1480 500 376
4950 6081 197283 1 1470 510 404
4914 6115 197293 1 1470 520 430
4869 6120 197303 1 1480 530 473
4806 6107 197313 1 1470 530 520
4732 6070 197323 1 1480 540 556
4645 6003 197333 1 1480 540 594
4559 5916 197343 1 1470 550 636
4487 5802 197353 1 1470 550 670
4423 5693 197363 1 1470 550 685
4377 5588 197373 1 1470 550 688
4357 5485 197383 1 1470 550 694
4357 5408 197393 1 1460 550 694
4375 5348 197403 1 1450 550 693
4412 5316 197413 1 1450 550 681
4459 5316 197423 1 1440 560 653
4531 5326 197433 1 1430 550 613
4629 5399 197443 1 1430 550 567
4743 5496 197453 1 1410 560 512
4857 5609 197463 1 1400 550 461
4944 5717 197473 1 1390 560 448
5014 5826 197483 1 1400 560 472
5044 5893 197493 1 1400 560 544
5053 5932 197503 1 1400 560 569
5048 5932 197513 1 1400 560 574
5048 5932 197523 1 1420 570 589
5048 5890 197533 1 1430 560 622
5043 5824 197543 1 1430 560 652
5043 5718 197553 1 1440 570 666
5038 5611 197563 1 1450 560 690
5038 5504 197573 1 1450 560 713
5050 5403 197583 1 1450 560 716
5066 5305 197593 1 1450 560 722
5091 5230 197603 1 1470 560 727
5126 5176 197613 1 1470 560 730
5171 5137 197623 1 1470 560 720
5232 5121 197633 1 1470 560 720
5302 5135 197643 1 1450 560 721
5393 5169 197653 1 1440 570 728
5489 5234 197663 1 1440 570 703
5593 5330 197673 1 1440 570 690
5706 5448 197683 1 1430 570 673
5806 5566 197693 1 1430 570 668
5896 5683 197703 1 1440 580 655
5961 5799 197713 1 1440 580 655
6012 5905 197723 1 1440 580 662
6053 6004 197733 1 1440 580 665
6081 6052 197743 1 1470 580 663
6099 6096 197753 1 1470 580 669
6111 6120 197763 1 1470 580 675
6111 6134 197773 1 1500 570 679
6111 6134 197783 1 1500 570 675
6111 6134 197793 1 1510 560 676
6111 6122 197803 1 1510 560 691
6089 6056 197813 1 1520 570 697
6056 5952 197823 1 1530 560 722
6011 5794 197833 1 1530 560 737
5969 5655 197843 1 1530 560 752
5937 5529 197853 1 1530 560 760
5926 5407 197863 1 1530 560 757
5926 5315 197873 1 1530 560 754
5949 5244 197883 1 1530 560 733
5983 5208 197893 1 1520 570 714
6025 5198 197903 1 1520 570 670
6080 5206 197913 1 1520 570 561
6138 5248 197923 1 1510 580 371
5843 5827 198014 0 1490 580 281
5642 5827 198024 1 1490 580 367
5568 5827 198034 1 1490 580 465
5525 5818 198044 1 1470 580 526
5512 5813 198054 1 1480 570 550
5520 5813 198064 1 1480 570 589
5558 5824 198074 1 1480 570 639
5640 5853 198084 1 1470 560 661
5750 5890 198094 1 1470 560 666
5899 5932 198104 1 1470 560 673
6039 5962 198114 1 1480 560 676
6174 5986 198124 1 1480 560 671
6311 5997 198134 1 1480 560 602
6425 5997 198144 1 1480 560 461
6523 5997 198154 1 1490 560 184
6534 5898 198215 0 1520 560 250
6474 5799 198225 1 1530 550 361
6456 5775 198235 1 1530 560 453
6463 5770 198245 1 1530 560 544
6485 5731 198255 1 1530 560 620
6529 5702 198265 1 1520 570 670
6592 5679 198275 1 1520 570 699
6667 5672 198285 1 1510 580 696
6772 5688 198295 1 1510 580 694
6896 5719 198305 1 1510 580 700
7032 5778 198315 1 1510 580 663
7150 5852 198325 1 1510 580 638
7240 5935 198335 1 1530 580 627
7312 5993 198345 1 1530 580 622
7333 6046 198355 1 1530 580 620
7314 6090 198365 1 1540 580 613
7269 6130 198375 1 1540 580 619
7199 6149 198385 1 1570 580 634
7111 6154 198395 1 1570 580 647
7010 6114 198405 1 1570 580 652
6901 6048 198415 1 1570 570 690
6801 5965 198425 1 1570 570 725
6734 5859 198435 1 1570 570 754
6685 5749 198445 1 1580 560 782
6678 5636 198455 1 1580 560 784
6711 5540 198465 1 1580 560 788
6770 5470 198475 1 1580 560 790
6889 5418 198485 1 1580 560 791
7031 5408 198495 1 1580 560 770
7189 5445 198505 1 1560 570 693
7392 5513 198515 1 1560 570 566
7580 5600 198525 1 1550 580 415
7758 5691 198535 1 1540 570 314
7909 5784 198545 1 1530 580 272
8019 5898 198555 1 1530 580 267
8101 6016 198565 1 1530 580 306
8162 6136 198575 1 1540 580 409
8196 6230 198585 1 1540 580 509
8213 6279 198595 1 1540 580 567
8213 6299 198605 1 1560 590 591
8194 6299 198615 1 1560 590 611
8167 6289 198625 1 1580 580 639
8113 6247 198635 1 1580 580 679
8051 6185 198645 1 1610 570 730
7984 6096 198655 1 1610 570 757
7923 5985 198665 1 1610 570 765
7864 5860 198675 1 1610 570 777
7835 5748 198685 1 1610 570 790
7825 5668 198695 1 1610 570 785
7861 5609 198705 1 1620 560 803
7930 5556 198715 1 1610 570 814
8022 5512 198725 1 1610 570 820
8127 5474 198735 1 1610 570 823
8232 5443 198745 1 1610 570 830
8338 5412 198755 1 1610 570 821
8446 5381 198765 1 1610 570 824
8535 5344 198775 1 1600 580 824
8610 5306 198785 1 1600 580 828
8655 5266 198795 1 1600 580 833
8664 5224 198805 1 1590 590 843
8649 5176 198815 1 1590 590 858
8594 5112 198825 1 1580 600 866
8505 5040 198835 1 1580 600 893
8394 4961 198845 1 1570 600 909
8250 4882 198855 1 1580 600 906
8090 4804 198865 1 1580 600 908
7920 4727 198875 1 1570 610 912
7713 4658 198885 1 1570 610 926
7527 4595 198895 1 1560 610 930
7354 4544 198905 1 1560 610 932
7190 4510 198915 1 1540 600 929
7065 4487 198925 1 1540 600 906
6966 4487 198935 1 1540 600 878
6896 4499 198945 1 1520 600 817
6832 4522 198955 1 1520 600 665
6788 4552 198965 1 1520 600 220
