355
3468 6901 1048577 0 1250 530 13
3468 6901 1048587 1 1250 530 13
3468 6901 1048597 1 1270 520 41
3524 7019 1048607 1 1270 520 94
3550 7071 1048617 1 1280 520 151
3564 7119 1048627 1 1270 510 223
3571 7164 1048637 1 1280 500 279
3566 7206 1048647 1 1290 500 327
3551 7249 1048657 1 1300 500 338
3530 7294 1048667 1 1300 500 364
3495 7339 1048677 1 1310 480 371
3450 7389 1048687 1 1310 480 371
3398 7443 1048697 1 1320 480 377
3331 7501 1048707 1 1320 480 394
3254 7533 1048717 1 1320 480 398
3169 7548 1048727 1 1330 470 393
3068 7543 1048727 1 1330 470 389
2964 7503 1048737 1 1330 470 369
2857 7439 1048747 1 1330 470 371
2740 7329 1048757 1 1330 470 369
2604 7182 1048767 1 1330 470 371
2456 7011 1048777 1 1330 470 371
2330 6787 1048787 1 1330 470 361
2207 6580 1048797 1 1330 470 364
2124 6385 1048807 1 1320 480 367
2066 6188 1048817 1 1320 480 367
2048 6015 1048827 1 1320 480 371
2058 5859 1048837 1 1310 480 371
2087 5719 1048847 1 1310 480 372
2149 5628 1048857 1 1310 480 377
2236 5569 1048867 1 1290 490 381
2339 5534 1048877 1 1270 490 387
2463 5541 1048887 1 1270 490 396
2609 5575 1048897 1 1260 490 396
2770 5651 1048907 1 1250 500 399
2923 5755 1048917 1 1250 500 388
3090 5879 1048927 1 1240 500 388
3249 6015 1048937 1 1240 500 391
3396 6125 1048947 1 1240 500 391
3517 6218 1048957 1 1240 500 391
3614 6282 1048967 1 1240 500 399
3695 6307 1048977 1 1240 500 359
3733 6307 1048987 1 1240 500 306
3725 6268 1048997 1 1240 500 131
3250 5477 1049048 0 1240 490 96
2907 4804 1049058 1 1240 490 137
2763 4503 1049068 1 1240 490 171
2647 4227 1049078 1 1240 490 222
2569 3969 1049088 1 1230 490 228
2516 3766 1049098 1 1230 490 251
2500 3638 1049108 1 1220 500 242
2518 3561 1049118 1 1190 490 244
2558 3538 1049128 1 1180 490 280
2640 3564 1049138 1 1170 500 315
2747 3624 1049148 1 1170 500 348
2870 3769 1049158 1 1160 500 398
3018 3966 1049168 1 1150 500 392
3174 4199 1049178 1 1150 500 399
3336 4473 1049188 1 1150 500 389
3485 4741 1049198 1 1130 510 398
3624 5031 1049208 1 1130 510 393
3756 5339 1049218 1 1130 510 377
3855 5653 1049228 1 1130 510 369
3939 5965 1049238 1 1130 510 341
4012 6253 1049248 1 1150 500 314
4053 6527 1049258 1 1150 500 299
4053 6764 1049268 1 1160 500 282
4026 6964 1049278 1 1170 500 286
3968 7140 1049288 1 1180 490 297
3900 7244 1049298 1 1190 490 314
3826 7296 1049308 1 1210 490 309
3751 7313 1049318 1 1220 480 312
3668 7277 1049328 1 1230 480 320
3579 7185 1049338 1 1240 480 325
3502 7057 1049348 1 1250 470 334
3426 6859 1049358 1 1250 470 356
3352 6626 1049368 1 1260 470 369
3282 6371 1049378 1 1260 470 387
3225 6063 1049388 1 1260 470 398
3178 5756 1049398 1 1270 460 389
3152 5449 1049408 1 1270 460 405
3128 5075 1049418 1 1260 470 415
3142 4690 1049428 1 1250 470 427
3180 4297 1049438 1 1250 470 442
3226 3900 1049448 1 1230 480 463
3294 3599 1049458 1 1220 480 475
3376 3361 1049468 1 1210 490 490
3477 3184 1049478 1 1190 480 493
3616 3092 1049488 1 1160 490 485
3781 3058 1049498 1 1150 490 443
3945 3129 1049508 1 1140 500 422
4119 3299 1049518 1 1130 500 399
4300 3534 1049528 1 1100 500 384
4482 3839 1049538 1 1090 500 384
4653 4185 1049548 1 1090 500 382
4807 4559 1049558 1 1080 520 369
4949 4935 1049568 1 1080 520 349
5071 5311 1049578 1 1080 520 315
5180 5676 1049588 1 1080 520 311
5281 6035 1049598 1 1080 520 307
5353 6328 1049608 1 1100 510 306
5406 6585 1049618 1 1100 510 306
5447 6817 1049628 1 1110 510 306
5473 6980 1049639 1 1120 510 309
5478 7070 1049649 1 1150 500 339
5469 7111 1049659 1 1170 500 363
5446 7106 1049669 1 1180 490 362
5408 7047 1049679 1 1190 490 391
5359 6952 1049689 1 1220 480 423
5300 6773 1049699 1 1230 480 446
5234 6523 1049709 1 1240 480 468
5163 6225 1049719 1 1240 480 478
5098 5793 1049729 1 1250 470 490
5057 5301 1049739 1 1250 470 491
5031 4768 1049749 1 1240 480 498
5021 4252 1049759 1 1240 480 497
5015 3810 1049769 1 1230 480 517
5015 3418 1049779 1 1220 480 522
5022 3146 1049789 1 1210 490 520
5029 2931 1049799 1 1190 490 504
5034 2754 1049809 1 1180 510 473
5034 2671 1049819 1 1170 510 376
5034 2693 1049829 1 1140 510 267
5007 2784 1049839 1 1120 520 217
4977 3008 1049849 1 1090 520 207
4945 3297 1049859 1 1060 530 215
4937 3629 1049869 1 1050 530 233
4950 4006 1049879 1 1040 530 284
4978 4393 1049889 1 1020 530 319
5030 4787 1049899 1 1020 530 341
5127 5173 1049909 1 1020 530 353
5255 5608 1049919 1 1020 530 348
5431 6075 1049929 1 1020 530 334
5637 6544 1049939 1 1020 530 340
5863 6949 1049949 1 1050 530 339
6070 7312 1049959 1 1060 530 339
6276 7629 1049969 1 1070 520 340
6481 7846 1049979 1 1100 510 342
6648 7996 1049989 1 1120 510 333
6794 8096 1049999 1 1150 510 339
6927 8123 1050009 1 1180 510 364
7017 8102 1050019 1 1190 500 389
7087 7999 1050029 1 1220 500 399
7143 7812 1050039 1 1240 500 413
7153 7570 1050049 1 1250 500 417
7125 7284 1050059 1 1270 500 415
7072 7010 1050069 1 1280 490 415
6987 6743 1050079 1 1280 490 413
6853 6515 1050089 1 1290 500 410
6685 6259 1050099 1 1300 500 413
6486 5984 1050109 1 1290 500 409
6282 5768 1050119 1 1290 500 409
6075 5620 1050129 1 1280 500 413
5879 5518 1050139 1 1280 500 413
5691 5427 1050149 1 1270 510 420
5507 5368 1050159 1 1260 510 427
5377 5331 1050169 1 1230 510 440
5297 5324 1050179 1 1220 510 444
5251 5337 1050189 1 1210 510 438
5251 5364 1050199 1 1200 510 430
5251 5395 1050209 1 1200 510 435
5308 5481 1050219 1 1180 510 441
5405 5604 1050229 1 1180 510 443
5593 5775 1050239 1 1180 510 440
5811 5918 1050249 1 1170 500 443
6049 6043 1050259 1 1170 500 444
6284 6096 1050269 1 1180 490 444
6489 6112 1050279 1 1180 490 448
6675 6103 1050289 1 1190 490 448
6863 6085 1050299 1 1190 490 439
7009 6061 1050309 1 1220 500 443
7127 6018 1050319 1 1230 490 442
7238 5964 1050329 1 1230 490 442
7315 5886 1050339 1 1240 500 440
7370 5791 1050349 1 1250 500 440
7376 5684 1050359 1 1250 500 439
7320 5554 1050369 1 1260 500 448
7223 5371 1050379 1 1260 500 448
7066 5152 1050389 1 1260 500 444
6870 4911 1050399 1 1270 510 441
6649 4668 1050409 1 1260 510 444
6418 4438 1050419 1 1260 510 443
6185 4219 1050429 1 1240 520 443
5951 4066 1050439 1 1240 520 443
5771 3982 1050449 1 1230 520 443
5628 3944 1050459 1 1220 530 449
5509 3928 1050469 1 1220 530 439
5443 3923 1050479 1 1200 520 448
5410 3923 1050489 1 1200 520 458
5400 3934 1050499 1 1190 510 453
5400 3942 1050509 1 1190 510 455
5444 3984 1050519 1 1190 510 456
5514 4048 1050529 1 1180 510 458
5650 4146 1050539 1 1180 510 461
5836 4275 1050549 1 1180 510 461
6054 4425 1050559 1 1180 510 461
6293 4587 1050569 1 1170 500 465
6517 4741 1050579 1 1170 500 461
6731 4891 1050589 1 1170 500 460
6923 5003 1050590 1 1170 500 460
7049 5068 1050600 1 1170 500 453
7132 5101 1050610 1 1190 500 448
7178 5101 1050620 1 1190 500 431
7178 5047 1050630 1 1190 500 425
7144 4967 1050640 1 1200 510 396
7049 4812 1050650 1 1210 510 389
6930 4642 1050660 1 1210 510 392
6794 4463 1050670 1 1210 520 404
6644 4267 1050680 1 1210 520 420
6513 4087 1050690 1 1210 520 422
6395 3917 1050700 1 1210 520 430
6286 3762 1050710 1 1210 520 446
6179 3643 1050720 1 1210 520 452
6115 3547 1050730 1 1200 520 458
6077 3506 1050740 1 1200 520 455
6086 3506 1050750 1 1200 520 461
6134 3522 1050760 1 1180 530 468
6209 3547 1050770 1 1180 530 478
6328 3624 1050780 1 1170 520 485
6473 3736 1050790 1 1160 520 488
6634 3887 1050800 1 1160 520 491
6818 4080 1050810 1 1150 520 488
7003 4302 1050820 1 1150 520 488
7221 4614 1050830 1 1150 520 478
7459 4955 1050840 1 1150 520 478
7676 5316 1050850 1 1150 520 472
7853 5738 1050860 1 1150 520 464
8003 6077 1050870 1 1160 530 463
8066 6361 1050880 1 1160 530 450
8072 6606 1050890 1 1170 530 449
8040 6732 1050900 1 1180 530 422
7945 6778 1050910 1 1180 530 392
7807 6750 1050920 1 1200 520 376
7640 6687 1050930 1 1210 520 386
7482 6601 1050940 1 1210 520 398
7323 6497 1050950 1 1220 510 402
7173 6373 1050960 1 1230 510 420
7028 6236 1050970 1 1250 510 428
6919 6071 1050980 1 1250 510 439
6813 5866 1050990 1 1260 500 448
6731 5635 1051000 1 1260 500 465
6663 5373 1051010 1 1260 500 473
6616 5050 1051020 1 1270 500 480
6607 4686 1051030 1 1270 500 491
6624 4338 1051040 1 1260 490 502
6679 3958 1051050 1 1250 500 510
6757 3556 1051060 1 1240 500 518
6850 3215 1051070 1 1230 490 533
6923 2866 1051080 1 1210 510 546
6986 2511 1051090 1 1200 510 556
7041 2241 1051100 1 1190 510 565
7089 1937 1051110 1 1160 520 565
7138 1611 1051120 1 1140 530 564
7191 1347 1051130 1 1100 530 559
7243 1113 1051140 1 1070 550 545
7291 899 1051150 1 1030 550 494
7337 789 1051160 1 1000 560 338
7381 781 1051170 1 960 570 42
7635 3230 1051241 0 850 580 137
7975 4204 1051251 1 850 580 160
8099 4587 1051261 1 870 580 172
8198 4935 1051271 1 880 580 212
8328 5209 1051281 1 920 580 282
8475 5498 1051291 1 950 580 337
8633 5796 1051301 1 960 580 387
8796 6018 1051311 1 990 570 436
8988 6241 1051321 1 1020 560 465
9200 6465 1051331 1 1070 560 473
9477 6727 1051341 1 1110 550 478
9740 6939 1051351 1 1140 550 480
9993 7119 1051361 1 1150 540 480
10186 7275 1051371 1 1180 540 467
10349 7425 1051381 1 1200 540 469
10493 7565 1051391 1 1220 540 453
10579 7673 1051401 1 1230 530 431
10614 7761 1051411 1 1250 540 392
10614 7846 1051421 1 1270 530 348
10568 7930 1051431 1 1270 530 301
10463 7992 1051441 1 1290 530 242
10321 8039 1051451 1 1300 530 208
10140 8026 1051461 1 1300 530 196
9920 7952 1051471 1 1310 520 210
9675 7838 1051481 1 1330 520 272
9445 7717 1051491 1 1330 520 312
9216 7561 1051501 1 1340 510 336
9078 7381 1051511 1 1340 510 359
8999 7192 1051521 1 1340 510 371
8954 6970 1051531 1 1350 510 389
8922 6727 1051541 1 1350 510 418
8899 6429 1051551 1 1350 510 430
8859 6069 1051561 1 1360 500 445
8823 5668 1051571 1 1360 500 465
8811 5263 1051581 1 1360 500 483
8811 4876 1051591 1 1340 500 492
8879 4502 1051601 1 1330 510 515
8985 4280 1051611 1 1320 510 544
9118 4153 1051621 1 1300 520 543
9290 4090 1051631 1 1280 520 545
9489 4117 1051641 1 1270 520 543
9705 4228 1051651 1 1250 530 512
9918 4395 1051661 1 1240 530 448
10122 4583 1051671 1 1230 530 417
10291 4810 1051682 1 1220 540 393
10440 5062 1051692 1 1220 540 304
10549 5260 1051702 1 1200 540 206
10602 5416 1051712 1 1190 540 51
10146 5670 1051782 0 1180 560 132
10036 5650 1051792 1 1180 560 179
10004 5632 1051802 1 1200 550 187
9975 5609 1051812 1 1210 560 181
9961 5561 1051822 1 1210 560 202
9948 5496 1051832 1 1210 560 214
9935 5405 1051842 1 1220 560 267
9920 5273 1051852 1 1220 560 309
9904 5113 1051862 1 1220 560 333
9892 4935 1051872 1 1240 550 363
9883 4730 1051882 1 1240 550 374
9883 4508 1051892 1 1230 550 389
9897 4259 1051902 1 1230 550 407
9905 4009 1051912 1 1230 550 435
9912 3759 1051922 1 1210 550 463
9912 3539 1051932 1 1210 550 480
9900 3340 1051942 1 1200 550 497
9873 3155 1051952 1 1200 550 515
9828 3003 1051962 1 1200 550 537
9772 2872 1051972 1 1200 550 559
9701 2759 1051982 1 1180 560 563
9603 2686 1051992 1 1170 550 575
9487 2641 1052002 1 1160 550 580
9350 2641 1052012 1 1160 550 560
9211 2706 1052022 1 1150 550 539
9070 2811 1052032 1 1150 550 524
8938 2974 1052042 1 1150 550 493
8808 3188 1052052 1 1150 550 443
8691 3437 1052062 1 1150 550 438
8624 3633 1052072 1 1150 550 438
8586 3782 1052082 1 1150 550 440
8552 3901 1052092 1 1150 550 448
8520 3979 1052102 1 1150 540 461
8491 4028 1052112 1 1170 540 468
8466 4057 1052122 1 1170 540 481
8444 4047 1052132 1 1180 540 495
8417 3988 1052142 1 1180 540 510
8386 3897 1052152 1 1190 530 524
8346 3727 1052162 1 1190 530 533
8311 3553 1052172 1 1180 530 526
8279 3375 1052182 1 1200 520 455
8279 3200 1052192 1 1200 520 122
10295 4115 1052303 0 1190 530 78
10713 4253 1052313 1 1190 530 209
10886 4261 1052323 1 1200 540 317
11039 4237 1052333 1 1200 540 394
11131 4187 1052343 1 1200 540 440
11191 4119 1052353 1 1210 550 474
11230 4040 1052363 1 1210 550 436
