170
2288 7111 75748770 0 1310 680 244
2252 7058 75748780 1 1320 650 247
2207 6996 75748790 1 1300 630 247
2185 6857 75748800 1 1310 610 245
2178 6662 75748810 1 1290 600 287
2173 6429 75748820 1 1280 580 344
2173 6121 75748830 1 1280 570 425
2173 5747 75748840 1 1260 560 485
2178 5328 75748850 1 1250 550 515
2190 4901 75748860 1 1240 540 537
2206 4574 75748870 1 1220 540 554
2227 4314 75748880 1 1200 540 562
2252 4106 75748890 1 1170 550 568
2276 3984 75748900 1 1160 550 562
2290 3920 75748910 1 1130 560 565
2296 3920 75748920 1 1120 560 565
2286 3974 75748930 1 1100 560 548
2259 4070 75748940 1 1070 570 522
2220 4302 75748950 1 1060 570 504
2185 4615 75748960 1 1040 570 496
2156 4981 75748970 1 1030 570 490
2156 5417 75748980 1 1030 570 490
2177 5814 75748990 1 1030 570 490
2229 6186 75749000 1 1020 560 486
2307 6514 75749010 1 1020 560 449
2401 6762 75749020 1 1040 560 438
2507 6957 75749030 1 1050 560 440
2616 7082 75749040 1 1080 560 441
2727 7146 75749050 1 1110 550 441
2826 7170 75749060 1 1130 560 448
2927 7133 75749070 1 1150 550 448
3031 7019 75749080 1 1170 550 464
3134 6853 75749090 1 1190 540 496
3203 6662 75749100 1 1220 540 515
3251 6456 75749110 1 1230 530 542
3251 6241 75749120 1 1240 530 580
3204 6041 75749130 1 1250 530 586
3130 5854 75749141 1 1250 530 589
3025 5676 75749151 1 1250 530 592
2910 5545 75749161 1 1250 530 594
2787 5455 75749171 1 1250 530 603
2657 5393 75749181 1 1240 530 603
2530 5398 75749191 1 1230 530 609
2435 5425 75749201 1 1220 540 619
2361 5466 75749211 1 1200 540 616
2316 5481 75749221 1 1190 540 617
2306 5481 75749231 1 1170 550 616
2318 5476 75749241 1 1160 550 619
2380 5439 75749251 1 1150 540 627
2514 5340 75749261 1 1140 550 627
2697 5200 75749271 1 1140 550 630
2888 5037 75749281 1 1120 550 633
3103 4868 75749291 1 1120 550 630
3333 4696 75749301 1 1110 550 624
3555 4591 75749311 1 1110 550 616
3780 4541 75749321 1 1110 550 616
3967 4527 75749331 1 1100 550 605
4128 4578 75749341 1 1100 550 578
4279 4692 75749351 1 1100 550 539
4394 4847 75749361 1 1100 550 524
4485 5036 75749371 1 1100 550 512
4547 5224 75749381 1 1100 550 513
4593 5342 75749391 1 1100 550 522
4629 5413 75749401 1 1100 550 492
4629 5413 75749411 1 1100 540 492
4619 5349 75749421 1 1100 540 499
4592 5246 75749431 1 1100 540 515
4560 5100 75749441 1 1100 540 564
4533 4912 75749451 1 1100 540 605
4527 4697 75749461 1 1100 540 634
4533 4490 75749471 1 1100 530 650
4552 4307 75749481 1 1100 530 659
4602 4139 75749491 1 1100 530 661
4673 4060 75749501 1 1100 540 658
4774 4036 75749511 1 1120 540 661
4855 4050 75749521 1 1120 540 659
4923 4117 75749531 1 1120 540 659
4973 4232 75749541 1 1110 550 661
4991 4378 75749551 1 1110 550 661
4991 4534 75749561 1 1110 550 661
4950 4688 75749571 1 1110 550 667
4898 4806 75749581 1 1120 560 664
4837 4902 75749591 1 1120 560 676
4778 4942 75749601 1 1120 560 690
4725 4957 75749611 1 1120 560 690
4715 4957 75749621 1 1130 560 691
4730 4951 75749631 1 1140 570 696
4789 4923 75749641 1 1160 560 702
4886 4881 75749651 1 1160 560 705
5008 4837 75749661 1 1160 560 705
5168 4805 75749671 1 1170 560 705
5348 4781 75749681 1 1170 560 696
5542 4800 75749691 1 1170 560 700
5726 4860 75749701 1 1190 560 690
5885 4947 75749711 1 1210 560 669
6027 5073 75749721 1 1210 560 638
6142 5236 75749731 1 1210 560 568
6228 5425 75749741 1 1220 560 502
6294 5628 75749751 1 1220 560 464
6326 5838 75749761 1 1220 560 450
6333 6052 75749771 1 1230 560 447
6324 6173 75749781 1 1230 560 452
6298 6254 75749791 1 1230 560 464
6260 6308 75749801 1 1250 560 483
6213 6301 75749811 1 1240 550 504
6164 6238 75749821 1 1260 560 557
6115 6138 75749831 1 1260 560 616
6084 5979 75749841 1 1260 560 662
6064 5764 75749851 1 1270 550 700
6064 5511 75749861 1 1270 550 740
6064 5221 75749871 1 1270 550 762
6064 4935 75749881 1 1270 550 782
6064 4653 75749891 1 1250 550 788
6084 4457 75749901 1 1250 550 785
6119 4317 75749911 1 1250 550 782
6171 4215 75749921 1 1240 550 771
6234 4190 75749931 1 1220 560 763
6304 4237 75749941 1 1210 560 750
6374 4331 75749951 1 1190 560 746
6445 4472 75749961 1 1180 570 740
6519 4613 75749971 1 1180 570 740
6604 4701 75749981 1 1160 570 742
6695 4755 75749991 1 1150 580 746
6789 4749 75750001 1 1150 580 754
6883 4689 75750011 1 1130 580 760
6954 4594 75750021 1 1120 580 761
7009 4481 75750031 1 1120 580 758
7062 4379 75750041 1 1120 580 752
7118 4285 75750051 1 1120 580 733
7182 4237 75750061 1 1120 580 710
7266 4243 75750071 1 1130 590 664
7363 4285 75750081 1 1130 590 634
7478 4392 75750091 1 1130 590 628
7614 4518 75750101 1 1130 590 630
7764 4656 75750111 1 1130 590 633
7949 4727 75750121 1 1130 600 638
8122 4747 75750131 1 1150 600 664
8288 4732 75750141 1 1150 600 668
8477 4694 75750151 1 1160 600 665
8667 4664 75750161 1 1160 600 620
8857 4639 75750171 1 1160 600 512
9062 4657 75750181 1 1180 600 458
9261 4709 75750191 1 1180 600 463
9454 4783 75750201 1 1180 600 516
9614 4857 75750211 1 1190 610 594
9750 4920 75750221 1 1200 600 669
9869 4927 75750231 1 1200 600 742
9991 4899 75750241 1 1220 600 796
10103 4831 75750251 1 1230 610 799
10206 4758 75750261 1 1250 600 793
10322 4698 75750271 1 1250 600 796
10417 4648 75750281 1 1250 600 713
10499 4635 75750291 1 1250 600 617
10544 4654 75750301 1 1260 610 557
10544 4694 75750311 1 1260 610 504
10520 4751 75750321 1 1280 610 428
10443 4830 75750331 1 1280 610 279
9843 5267 75750373 0 1290 600 146
9524 5313 75750383 1 1290 600 214
9393 5306 75750393 1 1290 600 317
9292 5285 75750403 1 1290 600 384
9208 5264 75750413 1 1290 600 404
9155 5232 75750423 1 1290 600 409
9104 5194 75750433 1 1290 600 282
8032 5236 75750523 0 1300 580 535
7798 5263 75750533 1 1300 580 545
7689 5274 75750543 1 1300 580 554
7653 5255 75750553 1 1280 570 548
7631 5243 75750563 1 1280 570 512
7618 5192 75750573 1 1280 570 242
