227
4008 5145 266082 0 1360 430 310
4110 5269 266092 1 1360 430 315
4125 5327 266102 1 1300 400 340
4116 5366 266112 1 1250 370 341
4092 5405 266122 1 1210 350 382
4092 5405 266132 1 1180 330 423
4109 5547 266142 1 1200 340 436
4152 5619 266152 1 1200 360 449
4190 5694 266162 1 1230 380 447
4213 5772 266172 1 1240 400 465
4225 5863 266182 1 1270 420 488
4206 5953 266192 1 1290 430 520
4178 6039 266202 1 1320 450 567
4143 6100 266212 1 1340 460 602
4100 6145 266222 1 1370 470 616
4049 6159 266232 1 1390 480 627
3992 6137 266242 1 1430 500 638
3919 6092 266252 1 1470 510 655
3838 6010 266262 1 1490 520 681
3751 5897 266272 1 1500 520 699
3657 5763 266282 1 1500 520 725
3569 5641 266292 1 1500 520 722
3505 5519 266302 1 1500 520 733
3456 5400 266312 1 1500 520 739
3444 5326 266322 1 1500 520 742
3458 5279 266332 1 1500 520 751
3489 5253 266342 1 1490 530 758
3541 5253 266352 1 1490 530 750
3625 5259 266362 1 1490 530 757
3730 5314 266372 1 1480 540 748
3842 5395 266382 1 1480 540 737
3942 5493 266392 1 1470 530 730
4033 5574 266402 1 1460 540 728
4089 5619 266412 1 1460 540 725
4113 5640 266422 1 1450 550 733
4113 5640 266432 1 1450 550 733
4113 5635 266442 1 1450 550 725
4118 5597 266452 1 1450 550 748
4112 5535 266462 1 1450 550 759
4100 5423 266472 1 1450 550 784
4079 5282 266482 1 1450 550 794
4044 5121 266492 1 1460 550 823
4000 4952 266502 1 1460 550 845
3943 4780 266512 1 1460 550 861
3875 4607 266522 1 1460 550 894
3799 4459 266532 1 1460 550 902
3715 4336 266542 1 1460 550 924
3634 4230 266552 1 1450 560 944
3554 4161 266562 1 1450 560 937
3469 4112 266572 1 1440 560 941
3366 4076 266582 1 1440 560 944
3252 4060 266592 1 1440 560 943
3112 4060 266602 1 1440 560 937
2975 4074 266612 1 1440 560 941
2840 4122 266622 1 1440 560 897
2716 4214 266632 1 1430 560 861
2627 4335 266642 1 1430 560 797
2562 4486 266652 1 1430 560 667
2584 4619 266662 1 1430 560 438
5011 5533 266823 0 1460 520 356
5102 5533 266833 1 1470 520 386
5083 5578 266843 1 1480 510 412
5083 5619 266853 1 1470 520 420
5100 5659 266863 1 1470 520 430
5123 5732 266873 1 1480 530 468
5143 5818 266883 1 1480 530 481
5143 5912 266893 1 1490 530 502
5138 5999 266903 1 1490 530 543
5116 6060 266913 1 1490 530 583
5071 6105 266923 1 1510 530 609
5010 6122 266933 1 1510 530 628
4940 6110 266943 1 1510 530 644
4856 6079 266953 1 1510 530 673
4763 6004 266963 1 1520 540 702
4660 5887 266973 1 1530 530 727
4562 5743 266983 1 1530 530 749
4505 5630 266993 1 1530 530 758
4472 5532 267003 1 1520 530 763
4472 5444 267013 1 1520 530 754
4492 5382 267023 1 1520 530 757
4528 5343 267033 1 1500 520 757
4588 5319 267043 1 1500 520 763
4686 5339 267053 1 1490 530 754
4808 5406 267063 1 1480 530 757
4926 5504 267073 1 1480 530 740
5037 5598 267083 1 1470 530 727
5143 5690 267093 1 1470 530 721
5213 5757 267103 1 1460 540 724
5243 5808 267113 1 1460 540 734
5243 5808 267123 1 1450 550 736
5243 5808 267133 1 1450 550 736
5243 5801 267143 1 1460 550 743
5238 5747 267153 1 1460 550 761
5230 5662 267163 1 1460 550 759
5221 5579 267173 1 1460 550 773
5228 5496 267183 1 1480 560 782
5252 5428 267193 1 1480 560 788
5287 5372 267203 1 1480 560 791
5337 5332 267213 1 1480 560 785
5391 5322 267223 1 1480 560 787
5468 5332 267233 1 1480 560 796
5560 5391 267243 1 1480 560 779
5672 5476 267253 1 1480 560 751
5784 5578 267263 1 1480 560 739
5892 5680 267273 1 1480 560 730
5967 5791 267283 1 1480 560 728
6023 5908 267293 1 1490 560 739
6062 6011 267303 1 1500 550 751
6087 6084 267313 1 1500 550 762
6103 6137 267323 1 1520 560 790
6103 6155 267333 1 1530 550 794
6103 6155 267343 1 1530 550 788
6103 6155 267353 1 1550 540 790
6103 6149 267363 1 1550 540 796
6076 6090 267373 1 1550 540 806
6032 5995 267383 1 1570 540 830
5969 5849 267393 1 1570 540 834
5909 5718 267403 1 1570 540 848
5855 5598 267413 1 1580 540 861
5831 5504 267423 1 1580 540 855
5826 5437 267433 1 1580 540 864
5847 5388 267443 1 1580 540 872
5882 5355 267453 1 1580 540 882
5926 5344 267463 1 1580 550 890
5984 5344 267473 1 1580 550 888
6054 5383 267483 1 1580 550 870
6132 5432 267493 1 1570 560 839
6202 5491 267503 1 1570 560 785
6251 5541 267513 1 1560 570 737
6286 5587 267523 1 1560 570 661
6286 5623 267533 1 1550 580 540
6251 5654 267543 1 1550 580 413
6197 5667 267553 1 1550 580 342
6114 5667 267563 1 1550 580 314
6015 5660 267573 1 1540 570 309
5904 5651 267583 1 1540 570 314
5786 5644 267593 1 1540 570 391
5670 5639 267603 1 1540 570 489
5602 5639 267613 1 1540 570 583
5565 5639 267623 1 1540 570 671
5550 5649 267633 1 1520 570 705
5550 5649 267643 1 1520 570 720
5556 5649 267653 1 1510 560 760
5588 5665 267663 1 1510 560 790
5670 5689 267673 1 1510 560 787
5785 5719 267683 1 1490 560 787
5925 5755 267693 1 1490 560 785
6054 5794 267703 1 1490 560 721
6175 5827 267713 1 1480 560 616
6272 5837 267723 1 1480 560 394
6277 5716 267775 0 1510 560 178
6277 5716 267785 1 1510 560 310
6194 5643 267795 1 1510 560 364
6194 5638 267805 1 1520 570 439
6208 5628 267815 1 1520 570 543
6231 5612 267825 1 1540 570 638
6277 5599 267835 1 1540 570 707
6338 5599 267845 1 1540 570 733
6422 5599 267855 1 1540 570 754
6512 5632 267865 1 1540 570 763
6613 5677 267875 1 1540 570 763
6720 5733 267885 1 1520 570 760
6831 5797 267895 1 1540 570 752
6915 5863 267905 1 1540 570 746
6982 5931 267915 1 1540 570 740
7010 5976 267925 1 1550 580 733
7010 6017 267935 1 1560 570 727
6986 6049 267945 1 1560 570 727
6943 6049 267955 1 1570 560 727
6872 6039 267965 1 1580 560 730
6782 5989 267975 1 1580 560 737
6702 5910 267985 1 1590 550 749
6623 5812 267995 1 1590 550 771
6544 5708 268005 1 1590 550 799
6490 5604 268015 1 1590 550 817
6465 5500 268025 1 1590 550 837
6458 5411 268035 1 1590 550 852
6483 5331 268045 1 1600 540 867
6533 5283 268055 1 1600 540 867
6600 5262 268065 1 1590 550 884
6701 5262 268075 1 1590 550 884
6843 5302 268085 1 1580 550 875
7013 5378 268095 1 1570 560 861
7182 5476 268105 1 1570 560 817
7344 5570 268115 1 1560 570 799
7500 5663 268125 1 1540 560 788
7621 5757 268135 1 1550 580 779
7720 5869 268145 1 1550 580 777
7805 5990 268155 1 1550 580 782
7860 6075 268165 1 1570 580 794
7883 6130 268175 1 1570 570 799
7883 6165 268185 1 1590 570 812
7871 6176 268195 1 1590 570 817
7853 6181 268205 1 1610 570 818
7833 6175 268215 1 1630 570 830
7791 6133 268225 1 1630 570 840
7746 6069 268235 1 1650 560 867
7699 5982 268245 1 1650 560 864
7676 5893 268255 1 1650 560 882
7659 5798 268265 1 1650 550 903
7671 5723 268275 1 1650 550 911
7699 5662 268285 1 1650 550 935
7760 5602 268295 1 1650 550 951
7846 5548 268305 1 1650 550 938
7948 5497 268315 1 1650 550 949
8041 5446 268325 1 1650 560 955
8127 5395 268335 1 1650 560 959
8208 5341 268345 1 1640 570 967
8264 5283 268355 1 1640 570 973
8287 5223 268365 1 1640 580 982
8287 5162 268375 1 1640 580 978
8250 5095 268385 1 1630 590 997
8182 5025 268395 1 1630 590 1011
8092 4954 268405 1 1630 590 1023
7975 4883 268415 1 1640 600 1023
7833 4826 268425 1 1640 600 1023
7674 4778 268435 1 1630 610 1023
7527 4749 268445 1 1630 610 1023
7379 4732 268455 1 1630 610 1023
7245 4724 268465 1 1630 610 1023
7120 4724 268475 1 1630 620 1023
7042 4732 268485 1 1610 620 1023
6981 4743 268495 1 1610 620 1002
6932 4762 268505 1 1610 620 974
6898 4790 268515 1 1590 610 892
6865 4825 268525 1 1590 610 784
6836 4858 268535 1 1590 610 468
