289
4287 7035 8110892 0 1050 650 700
4299 7235 8110902 1 1050 650 737
4225 7356 8110912 1 1050 650 740
4183 7390 8110922 1 1050 650 705
4141 7366 8110932 1 1060 660 699
4051 7341 8110942 1 1080 660 699
3927 7255 8110952 1 1100 660 705
3788 7129 8110962 1 1130 650 710
3615 6934 8110972 1 1170 650 730
3419 6665 8110982 1 1200 640 779
3222 6348 8110992 1 1240 630 817
3016 6020 8111002 1 1270 620 825
2804 5637 8111012 1 1290 610 846
2634 5218 8111022 1 1310 610 861
2521 4876 8111032 1 1340 600 869
2446 4606 8111042 1 1340 580 854
2410 4384 8111052 1 1360 570 853
2400 4280 8111062 1 1380 570 863
2406 4240 8111072 1 1380 550 860
2425 4240 8111082 1 1390 550 866
2492 4284 8111092 1 1400 540 854
2591 4420 8111102 1 1400 540 860
2773 4620 8111112 1 1390 540 878
2989 4869 8111122 1 1370 540 906
3227 5113 8111132 1 1360 550 909
3441 5304 8111142 1 1360 550 929
3634 5463 8111152 1 1340 550 939
3812 5583 8111162 1 1340 550 945
3923 5647 8111172 1 1320 550 932
3989 5674 8111182 1 1320 550 903
4024 5635 8111192 1 1320 550 909
4014 5470 8111202 1 1320 550 875
3948 5222 8111212 1 1340 560 855
3844 4887 8111222 1 1340 560 860
3708 4526 8111232 1 1340 560 863
3555 4148 8111242 1 1340 560 888
3391 3816 8111252 1 1340 560 906
3259 3585 8111262 1 1340 560 929
3180 3422 8111272 1 1320 570 930
3137 3347 8111282 1 1320 570 921
3137 3332 8111292 1 1320 570 923
3168 3358 8111302 1 1310 570 924
3210 3450 8111312 1 1310 570 921
3297 3671 8111322 1 1300 580 914
3404 3977 8111332 1 1300 580 921
3524 4378 8111342 1 1300 580 914
3624 4786 8111352 1 1300 580 902
3696 5198 8111362 1 1300 580 917
3750 5630 8111372 1 1300 580 911
3774 5991 8111382 1 1300 580 923
3795 6306 8111392 1 1300 580 932
3813 6528 8111402 1 1300 580 941
3826 6636 8111412 1 1300 560 948
3826 6669 8111422 1 1300 560 943
3821 6669 8111432 1 1310 560 946
3805 6664 8111442 1 1320 550 947
3762 6625 8111452 1 1340 550 944
3702 6562 8111462 1 1340 550 947
3620 6392 8111472 1 1360 550 955
3540 6152 8111482 1 1370 540 965
3466 5866 8111492 1 1390 540 970
3423 5507 8111502 1 1390 540 978
3398 5067 8111512 1 1400 530 982
3398 4572 8111522 1 1400 530 1008
3409 4070 8111532 1 1400 530 1011
3421 3680 8111542 1 1400 530 1023
3430 3364 8111552 1 1400 530 1023
3440 3138 8111562 1 1390 540 1023
3475 2978 8111572 1 1390 540 1023
3526 2861 8111582 1 1370 540 1023
3623 2788 8111592 1 1360 550 1023
3768 2783 8111602 1 1360 560 1023
3946 2823 8111612 1 1360 560 1023
4145 2952 8111622 1 1350 570 1023
4370 3187 8111632 1 1340 570 1023
4611 3492 8111642 1 1320 580 1023
4870 3870 8111652 1 1310 580 1023
5081 4294 8111662 1 1320 590 1023
5260 4750 8111672 1 1310 600 1023
5416 5306 8111682 1 1290 600 1023
5545 5859 8111692 1 1290 600 1023
5656 6410 8111702 1 1290 600 1023
5776 6758 8111712 1 1310 610 1023
5874 6990 8111722 1 1320 600 1023
5958 7146 8111732 1 1320 600 1023
6019 7261 8111742 1 1340 600 1023
6044 7313 8111752 1 1360 600 1023
6044 7322 8111762 1 1380 590 1023
6027 7317 8111772 1 1380 590 1023
5976 7245 8111782 1 1390 580 1023
5903 7129 8111792 1 1400 580 1023
5795 6806 8111802 1 1430 570 1023
5690 6301 8111812 1 1440 570 1023
5638 5675 8111822 1 1450 560 1023
5621 4892 8111832 1 1450 560 1023
5640 4209 8111842 1 1450 560 1023
5663 3594 8111852 1 1450 560 1023
5686 3341 8111862 1 1430 560 1023
5708 3182 8111872 1 1420 570 1023
5742 3087 8111882 1 1400 580 1023
5774 3080 8111892 1 1390 580 1023
5804 3160 8111902 1 1360 600 1023
5838 3299 8111912 1 1350 600 1023
5857 3562 8111922 1 1340 610 1023
5866 3986 8111932 1 1320 610 1023
5877 4517 8111942 1 1300 620 1023
5891 5118 8111952 1 1290 630 1023
5969 5696 8111962 1 1270 630 1023
6089 6259 8111972 1 1250 640 1023
6281 6705 8111982 1 1250 640 1023
6507 7055 8111992 1 1250 640 1023
6756 7342 8112002 1 1290 640 1023
6995 7588 8112012 1 1290 640 1023
7188 7717 8112022 1 1300 630 1023
7349 7769 8112032 1 1330 630 1023
7482 7725 8112042 1 1350 630 1023
7577 7559 8112052 1 1380 610 1023
7647 7312 8112062 1 1410 610 1023
7659 6951 8112072 1 1420 610 1023
7609 6636 8112082 1 1440 600 1023
7517 6351 8112092 1 1460 600 1023
7374 6145 8112102 1 1470 590 1023
7215 5990 8112112 1 1470 590 1023
7046 5870 8112122 1 1470 590 1023
6874 5813 8112132 1 1500 580 1023
6708 5850 8112142 1 1500 580 1023
6546 5949 8112152 1 1500 580 1023
6451 6112 8112162 1 1500 580 1023
6444 6295 8112172 1 1500 580 1023
6496 6491 8112182 1 1500 580 1023
6611 6664 8112192 1 1500 580 1023
6776 6799 8112202 1 1490 580 1023
6973 6909 8112212 1 1490 580 1023
7157 6965 8112222 1 1490 580 1023
7319 6942 8112232 1 1490 580 1023
7466 6867 8112242 1 1490 580 1023
7551 6731 8112252 1 1490 580 1023
7572 6496 8112262 1 1490 580 1023
7550 6195 8112272 1 1490 580 1023
7481 5927 8112282 1 1470 590 1023
7374 5659 8112292 1 1470 590 1023
7242 5430 8112302 1 1460 600 1023
7132 5228 8112312 1 1480 600 1023
7094 5133 8112322 1 1470 610 1023
7103 5098 8112332 1 1470 610 1023
7125 5103 8112342 1 1480 610 1023
7192 5149 8112352 1 1470 620 1023
7289 5261 8112362 1 1470 620 1023
7414 5417 8112372 1 1460 630 1023
7543 5578 8112382 1 1450 640 1023
7662 5693 8112392 1 1450 640 1023
7772 5778 8112402 1 1430 640 1023
7825 5794 8112412 1 1420 650 1023
7832 5697 8112422 1 1420 650 1023
7809 5524 8112432 1 1420 650 1023
7712 5163 8112442 1 1400 660 1023
7586 4712 8112452 1 1400 660 1023
7440 4201 8112462 1 1400 660 1023
7286 3804 8112472 1 1390 670 1023
7212 3555 8112482 1 1390 670 1023
7191 3405 8112492 1 1370 670 1023
7182 3346 8112502 1 1370 670 1023
7191 3355 8112512 1 1350 680 1023
7212 3409 8112522 1 1330 690 1023
7282 3586 8112532 1 1330 690 1023
7369 3878 8112542 1 1310 690 1023
7467 4248 8112552 1 1310 690 1023
7565 4661 8112562 1 1310 690 1023
7648 5084 8112572 1 1310 690 1023
7722 5514 8112582 1 1310 690 1023
7802 5859 8112592 1 1310 690 1023
7868 6124 8112602 1 1310 690 1023
7924 6336 8112612 1 1310 690 1023
7954 6501 8112622 1 1310 690 1023
7954 6609 8112632 1 1330 690 1023
7931 6678 8112642 1 1330 690 1023
7881 6719 8112652 1 1350 680 1023
7820 6719 8112662 1 1370 670 1023
7751 6681 8112672 1 1370 670 1023
7675 6526 8112682 1 1390 670 1023
7601 6163 8112692 1 1400 660 1023
7548 5662 8112702 1 1420 650 1023
7508 4945 8112712 1 1420 650 1023
7489 4148 8112722 1 1430 640 1023
7472 3297 8112732 1 1430 640 1023
7489 2656 8112742 1 1440 660 1023
7527 2283 8112752 1 1420 660 1023
7534 2090 8112762 1 1400 670 1023
7561 1968 8112772 1 1390 680 1023
7601 1945 8112782 1 1350 680 1023
7643 1987 8112792 1 1330 690 1023
7686 2128 8112802 1 1290 700 1023
7734 2348 8112812 1 1270 700 1023
7787 2620 8112822 1 1220 710 1023
7872 3023 8112832 1 1190 720 1023
7974 3512 8112842 1 1160 720 1023
8109 4058 8112852 1 1100 730 1023
8294 4675 8112862 1 1070 730 1023
8513 5337 8112872 1 1040 740 1023
8769 6030 8112882 1 1040 740 1023
9058 6653 8112892 1 1000 740 1023
9368 7182 8112902 1 1000 740 1023
9633 7649 8112912 1 1000 740 1023
9840 7986 8112922 1 1050 750 1023
10009 8194 8112932 1 1080 740 1023
10096 8317 8112942 1 1150 740 1023
10135 8394 8112952 1 1220 740 1023
10143 8415 8112962 1 1250 730 1023
10127 8399 8112972 1 1330 730 1023
10062 8355 8112982 1 1370 710 1023
9963 8218 8112992 1 1420 710 1023
9806 8019 8113002 1 1450 700 1023
9623 7700 8113012 1 1490 690 1023
9423 7288 8113022 1 1510 680 1023
9204 6813 8113032 1 1550 670 1023
8977 6212 8113042 1 1550 670 1023
8744 5506 8113052 1 1560 660 1023
8580 4729 8113062 1 1570 650 1023
8470 4135 8113072 1 1570 650 1023
8395 3719 8113082 1 1560 660 1023
8315 3423 8113092 1 1550 670 1023
8299 3231 8113102 1 1540 680 1023
8325 3151 8113112 1 1530 690 1023
8372 3145 8113122 1 1500 710 1023
8465 3217 8113132 1 1480 710 1023
8589 3392 8113142 1 1440 720 1023
8749 3636 8113152 1 1400 730 1023
8937 4019 8113162 1 1380 740 1023
9143 4468 8113172 1 1350 750 1023
9330 4962 8113182 1 1300 750 1023
9506 5483 8113192 1 1270 750 1023
9674 5864 8113202 1 1230 760 1023
9804 6152 8113212 1 1200 760 1023
9892 6297 8113222 1 1200 760 1023
9953 6438 8113232 1 1230 760 1023
9947 6508 8113242 1 1210 750 1023
9900 6533 8113252 1 1240 740 1023
9826 6571 8113262 1 1240 740 1023
9740 6605 8113272 1 1270 740 1023
9654 6639 8113282 1 1300 730 1023
9571 6676 8113292 1 1330 730 1023
9490 6705 8113302 1 1350 720 1023
9429 6722 8113312 1 1370 710 1023
9378 6730 8113322 1 1370 700 1023
9345 6730 8113332 1 1390 690 1023
9325 6730 8113342 1 1410 680 1023
9313 6721 8113352 1 1420 680 1023
9313 6645 8113362 1 1420 680 1023
9313 6524 8113372 1 1420 680 1023
9313 6197 8113382 1 1420 680 1023
9320 5699 8113392 1 1420 680 1023
9331 5087 8113402 1 1450 680 1023
9345 4363 8113412 1 1430 690 1023
9358 3822 8113422 1 1410 700 1023
9358 3402 8113432 1 1420 710 1023
9341 3057 8113442 1 1400 720 1023
9331 2830 8113452 1 1370 730 1023
9321 2682 8113462 1 1370 730 1023
9310 2682 8113472 1 1350 750 1023
9295 2760 8113482 1 1320 750 1023
9242 2894 8113492 1 1260 770 1023
9164 3077 8113502 1 1180 780 1023
9059 3302 8113512 1 1100 780 1023
8987 3556 8113522 1 1050 790 1023
8936 3640 8113532 1 1000 790 1023
8936 3653 8113542 1 900 790 1023
8936 3620 8113552 1 900 790 1023
8930 3522 8113562 1 850 790 1023
8960 3375 8113572 1 850 790 1023
8979 3195 8113582 1 850 790 1023
8990 3085 8113592 1 800 790 1023
9003 3043 8113602 1 800 790 1023
9045 3043 8113612 1 850 790 1023
9106 3107 8113622 1 850 790 1023
9198 3264 8113632 1 850 790 1023
9312 3484 8113642 1 850 790 1023
9441 3763 8113652 1 850 790 1023
9563 4050 8113662 1 900 790 1023
9704 4342 8113672 1 900 780 1023
9857 4471 8113682 1 900 780 1023
10019 4471 8113692 1 900 780 1023
10147 4383 8113702 1 900 790 1023
10253 4151 8113712 1 900 790 1023
10321 3873 8113722 1 900 790 1023
10346 3565 8113732 1 950 790 1023
10346 3381 8113742 1 900 800 1023
10303 3260 8113752 1 900 800 1023
10234 3181 8113762 1 900 800 1023
10146 3161 8113772 1 900 800 627
