166
1674 7607 75847402 0 1290 520 244
1668 7537 75847412 1 1290 520 244
1654 7543 75847422 1 1290 520 247
1662 7453 75847432 1 1300 530 254
1682 7328 75847442 1 1300 530 329
1695 7180 75847452 1 1310 540 397
1707 6965 75847462 1 1310 540 475
1717 6704 75847472 1 1310 550 537
1728 6412 75847482 1 1310 550 589
1742 6027 75847492 1 1310 560 614
1758 5610 75847502 1 1310 560 638
1799 5173 75847512 1 1310 570 658
1844 4704 75847522 1 1280 580 675
1894 4296 75847532 1 1270 590 694
1942 3933 75847542 1 1250 590 699
1983 3581 75847552 1 1220 600 713
2021 3376 75847562 1 1200 600 722
2047 3216 75847572 1 1170 610 722
2056 3086 75847582 1 1150 620 722
2056 3038 75847592 1 1110 610 713
2039 3044 75847602 1 1090 620 688
1999 3087 75847612 1 1050 620 659
1942 3243 75847622 1 1030 610 642
1886 3484 75847632 1 1010 620 616
1832 3783 75847642 1 1010 620 603
1799 4158 75847652 1 990 620 592
1779 4559 75847662 1 990 620 589
1791 4977 75847672 1 990 620 588
1835 5368 75847682 1 990 620 595
1899 5711 75847692 1 1010 620 563
2005 6023 75847702 1 1030 610 550
2116 6270 75847712 1 1050 610 527
2236 6515 75847722 1 1080 600 510
2378 6759 75847732 1 1090 600 496
2535 6967 75847742 1 1130 590 496
2734 7115 75847752 1 1140 590 493
2923 7222 75847762 1 1170 580 490
3104 7222 75847772 1 1200 570 491
3280 7139 75847782 1 1220 570 492
3422 7010 75847792 1 1250 560 522
3542 6816 75847802 1 1260 560 557
3636 6622 75847812 1 1290 550 584
3687 6390 75847822 1 1300 540 602
3709 6134 75847832 1 1300 540 637
3673 5872 75847842 1 1310 540 668
3589 5633 75847852 1 1310 540 687
3473 5409 75847862 1 1300 530 697
3337 5198 75847872 1 1300 530 690
3165 5032 75847882 1 1300 530 691
2970 4896 75847892 1 1300 530 690
2785 4815 75847902 1 1290 530 699
2605 4802 75847912 1 1290 530 690
2427 4834 75847922 1 1280 540 690
2290 4907 75847932 1 1280 540 696
2183 4978 75847942 1 1260 540 697
2096 5048 75847952 1 1260 540 708
2059 5088 75847962 1 1250 550 700
2059 5104 75847972 1 1250 550 702
2090 5104 75847982 1 1250 550 707
2175 5081 75847992 1 1240 550 714
2319 4987 75848002 1 1240 550 727
2503 4845 75848012 1 1240 550 727
2746 4651 75848022 1 1240 550 755
3004 4454 75848032 1 1240 550 756
3273 4248 75848042 1 1220 560 779
3542 4038 75848052 1 1220 560 785
3808 3876 75848062 1 1220 560 783
4073 3748 75848072 1 1210 560 785
4332 3643 75848082 1 1210 560 785
4585 3607 75848092 1 1190 560 796
4833 3633 75848102 1 1190 560 780
5053 3701 75848112 1 1180 570 752
5252 3830 75848122 1 1170 560 719
5434 3989 75848132 1 1170 560 681
5579 4168 75848142 1 1160 560 665
5699 4373 75848152 1 1160 560 653
5776 4535 75848162 1 1160 560 650
5811 4669 75848172 1 1160 560 650
5817 4752 75848182 1 1160 560 653
5779 4791 75848192 1 1160 570 661
5728 4802 75848202 1 1160 570 658
5668 4767 75848212 1 1160 570 665
5601 4685 75848222 1 1160 570 681
5539 4571 75848232 1 1180 570 705
5508 4412 75848242 1 1180 570 724
5495 4223 75848252 1 1190 560 739
5526 4014 75848262 1 1190 560 742
5588 3839 75848272 1 1190 560 740
5670 3716 75848282 1 1210 560 745
5772 3628 75848292 1 1210 560 740
5874 3609 75848302 1 1210 560 737
5974 3647 75848312 1 1210 560 722
6061 3724 75848322 1 1190 560 731
6139 3857 75848332 1 1190 560 733
6180 4007 75848342 1 1190 560 730
6186 4169 75848352 1 1190 560 714
6168 4357 75848362 1 1210 560 713
6120 4492 75848372 1 1210 560 713
6065 4591 75848382 1 1220 570 713
6005 4623 75848392 1 1220 570 730
5952 4623 75848402 1 1220 570 724
5903 4599 75848412 1 1220 570 724
5903 4586 75848422 1 1220 570 737
5928 4538 75848432 1 1220 570 758
6010 4466 75848442 1 1220 570 765
6157 4384 75848452 1 1220 570 773
6348 4319 75848462 1 1220 570 776
6571 4266 75848472 1 1230 560 773
6817 4277 75848482 1 1230 560 774
7078 4348 75848492 1 1230 560 768
7339 4460 75848502 1 1230 560 734
7559 4597 75848512 1 1230 560 685
7752 4770 75848522 1 1240 570 622
7915 4968 75848532 1 1240 570 491
8007 5172 75848542 1 1240 570 296
8006 5807 75848574 0 1260 580 110
7832 6099 75848584 1 1260 580 233
7721 6144 75848594 1 1270 570 351
7605 6118 75848604 1 1280 580 491
7496 6018 75848614 1 1280 580 589
7412 5868 75848624 1 1300 580 656
7345 5636 75848634 1 1300 580 724
7319 5367 75848644 1 1310 570 763
7334 5073 75848654 1 1300 560 773
7376 4793 75848664 1 1300 560 785
7443 4552 75848674 1 1300 560 785
7516 4337 75848684 1 1300 560 782
7613 4181 75848694 1 1300 560 774
7723 4117 75848704 1 1300 560 763
7860 4117 75848714 1 1300 560 756
7990 4190 75848724 1 1300 560 754
8116 4297 75848734 1 1280 570 751
8234 4425 75848744 1 1280 570 751
8337 4476 75848754 1 1270 570 750
8431 4461 75848764 1 1270 570 754
8512 4402 75848774 1 1260 580 754
8584 4308 75848784 1 1240 580 750
8649 4212 75848794 1 1240 580 731
8729 4115 75848804 1 1230 590 661
8842 4079 75848814 1 1240 600 589
8978 4095 75848824 1 1240 600 563
9114 4145 75848834 1 1240 600 560
9259 4222 75848844 1 1250 600 591
9430 4294 75848854 1 1250 600 662
9615 4362 75848864 1 1260 600 727
9807 4362 75848874 1 1260 600 773
10028 4362 75848884 1 1260 600 782
10268 4346 75848894 1 1260 600 779
10534 4359 75848904 1 1290 600 708
10797 4402 75848914 1 1290 600 574
11059 4464 75848924 1 1290 600 475
11239 4532 75848934 1 1310 610 463
11344 4591 75848944 1 1310 610 428
11398 4628 75848954 1 1310 610 6
10192 5101 75849045 0 1320 610 444
9914 5032 75849055 1 1320 610 624
9798 4996 75849065 1 1340 610 617
9729 4986 75849075 1 1340 610 617
9691 4943 75849085 1 1340 610 583
9655 4879 75849095 1 1340 600 275
8654 5066 75849175 0 1340 570 671
8420 5063 75849185 1 1340 570 681
8314 5103 75849195 1 1340 570 681
8295 5111 75849205 1 1350 570 673
8300 5079 75849215 1 1350 570 647
8321 5048 75849225 1 1350 570 417
