185
1722 5772 8879227 0 1080 650 177
1665 5720 8879237 1 1100 650 213
1632 5720 8879247 1 1120 640 218
1595 5730 8879257 1 1130 630 264
1595 5730 8879267 1 1150 630 262
1619 5768 8879277 1 1150 620 267
1664 5825 8879287 1 1150 620 280
1743 5925 8879297 1 1190 610 317
1851 6034 8879307 1 1200 600 359
1979 6148 8879317 1 1240 600 381
2133 6264 8879327 1 1270 590 397
2277 6359 8879337 1 1280 570 423
2413 6440 8879347 1 1300 560 427
2545 6493 8879357 1 1320 550 425
2663 6510 8879367 1 1340 550 425
2772 6502 8879377 1 1350 540 423
2845 6458 8879387 1 1360 540 420
2889 6387 8879397 1 1370 530 427
2914 6299 8879407 1 1370 530 417
2903 6184 8879417 1 1400 530 422
2850 6039 8879427 1 1400 530 414
2770 5873 8879437 1 1400 530 423
2649 5699 8879447 1 1410 520 431
2526 5536 8879457 1 1410 520 469
2402 5381 8879467 1 1400 520 494
2326 5260 8879477 1 1390 520 509
2300 5216 8879488 1 1390 520 514
2300 5216 8879498 1 1390 520 520
2350 5238 8879508 1 1360 520 512
2430 5287 8879518 1 1360 520 515
2534 5360 8879528 1 1360 520 515
2645 5424 8879538 1 1350 530 514
2737 5465 8879548 1 1350 530 517
2817 5491 8879558 1 1350 530 514
2869 5491 8879568 1 1330 530 504
2896 5461 8879578 1 1330 530 496
2907 5415 8879588 1 1330 530 496
2874 5313 8879598 1 1310 540 492
2795 5175 8879608 1 1310 540 494
2686 5014 8879618 1 1330 540 499
2548 4829 8879628 1 1330 540 522
2439 4680 8879638 1 1330 540 535
2348 4555 8879648 1 1330 540 544
2315 4493 8879658 1 1310 550 533
2321 4478 8879668 1 1310 550 527
2352 4494 8879678 1 1310 550 510
2448 4551 8879688 1 1310 550 485
2599 4636 8879698 1 1310 550 472
2787 4740 8879708 1 1300 550 478
2956 4817 8879718 1 1300 550 496
3126 4789 8879728 1 1300 550 520
3234 4690 8879738 1 1300 550 522
3300 4521 8879748 1 1300 550 539
3305 4298 8879758 1 1290 560 546
3262 4038 8879768 1 1290 560 546
3187 3770 8879778 1 1270 550 536
3077 3537 8879788 1 1260 560 537
2971 3327 8879798 1 1260 560 526
2872 3146 8879808 1 1250 560 477
2803 3079 8879818 1 1260 570 391
2755 3087 8879828 1 1240 570 249
3052 4853 8879898 0 1220 570 24
3281 5227 8879908 1 1220 570 78
3394 5392 8879918 1 1230 560 108
3532 5553 8879928 1 1230 560 136
3686 5691 8879938 1 1220 560 187
3853 5817 8879948 1 1240 550 228
4015 5950 8879958 1 1250 550 260
4181 6056 8879968 1 1260 540 289
4352 6145 8879978 1 1280 540 306
4488 6208 8879988 1 1290 530 312
4590 6231 8879998 1 1300 530 312
4670 6231 8880008 1 1310 520 301
4705 6178 8880018 1 1330 520 281
4671 6053 8880028 1 1330 520 247
4591 5877 8880038 1 1340 510 211
4455 5637 8880048 1 1340 510 221
4279 5358 8880058 1 1340 510 297
4077 5052 8880068 1 1340 510 422
3915 4773 8880078 1 1340 510 480
3828 4618 8880088 1 1340 510 498
3791 4547 8880098 1 1340 510 502
3805 4536 8880108 1 1330 520 522
3865 4581 8880118 1 1330 520 515
3956 4663 8880128 1 1320 510 513
4080 4810 8880138 1 1300 520 513
4225 4986 8880148 1 1290 520 519
4383 5181 8880158 1 1290 520 518
4535 5388 8880168 1 1280 530 504
4692 5604 8880178 1 1280 530 469
4835 5825 8880188 1 1270 530 409
4967 6064 8880198 1 1270 530 336
5058 6289 8880208 1 1270 530 306
5113 6505 8880218 1 1270 530 274
5143 6669 8880228 1 1290 530 281
5120 6765 8880238 1 1290 530 312
5059 6817 8880248 1 1300 530 327
4973 6817 8880259 1 1330 530 344
4895 6765 8880269 1 1330 530 361
4811 6685 8880279 1 1340 520 382
4725 6512 8880289 1 1350 520 418
4640 6277 8880299 1 1350 520 455
4582 6001 8880309 1 1350 520 472
4539 5649 8880319 1 1360 510 495
4507 5240 8880329 1 1360 510 517
4488 4792 8880339 1 1360 510 540
4474 4432 8880349 1 1350 520 561
4511 4177 8880359 1 1350 520 577
4579 3993 8880369 1 1340 520 584
4704 3911 8880379 1 1330 530 574
4837 3889 8880389 1 1300 530 567
4974 3908 8880399 1 1290 530 570
5083 3984 8880409 1 1280 540 570
5170 4125 8880419 1 1260 540 513
5242 4310 8880429 1 1260 560 470
5278 4551 8880439 1 1260 560 450
5296 4831 8880449 1 1250 560 447
5301 5137 8880459 1 1230 560 452
5280 5387 8880469 1 1230 560 475
5220 5528 8880479 1 1230 560 514
5135 5597 8880489 1 1240 570 530
5022 5586 8880499 1 1240 570 570
4914 5536 8880509 1 1240 570 594
4869 5460 8880519 1 1260 570 595
4864 5377 8880529 1 1260 570 602
4919 5260 8880539 1 1260 570 614
5032 5121 8880549 1 1270 560 620
5183 4994 8880559 1 1280 570 620
5351 4885 8880569 1 1280 570 619
5514 4788 8880579 1 1300 560 636
5674 4729 8880589 1 1300 560 645
5838 4685 8880599 1 1300 560 636
5978 4652 8880609 1 1300 580 627
6102 4636 8880619 1 1300 580 556
6226 4643 8880629 1 1300 580 414
6338 4666 8880639 1 1290 590 198
6635 5772 8880799 0 1320 580 218
6693 5825 8880809 1 1320 570 252
6708 5860 8880819 1 1320 570 260
6752 5900 8880829 1 1340 560 269
6816 5933 8880839 1 1350 570 294
6911 5968 8880849 1 1350 570 363
7041 6005 8880859 1 1360 560 391
7195 6042 8880869 1 1390 560 427
7339 6137 8880879 1 1390 560 455
7501 6214 8880889 1 1410 560 465
7675 6279 8880899 1 1410 560 483
7815 6323 8880909 1 1410 560 496
7918 6341 8880919 1 1440 560 492
7995 6341 8880929 1 1440 560 495
8031 6316 8880939 1 1450 560 486
8026 6263 8880949 1 1450 560 463
7994 6191 8880959 1 1480 560 431
7902 6079 8880969 1 1480 560 417
7764 5937 8880979 1 1480 560 438
7596 5776 8880989 1 1480 560 497
7461 5655 8880999 1 1480 560 545
7378 5561 8881009 1 1480 560 556
7330 5486 8881019 1 1470 560 556
7330 5433 8881029 1 1470 560 567
7358 5401 8881039 1 1470 560 574
7410 5383 8881049 1 1460 570 592
7493 5389 8881059 1 1460 570 592
7599 5423 8881069 1 1460 570 613
7721 5475 8881079 1 1440 580 627
7856 5532 8881089 1 1430 570 634
7991 5585 8881099 1 1430 570 644
8113 5636 8881109 1 1420 580 645
8225 5665 8881119 1 1420 580 636
8314 5665 8881129 1 1410 590 617
8351 5635 8881139 1 1420 590 581
8351 5557 8881149 1 1420 590 551
8265 5421 8881159 1 1420 590 530
8110 5247 8881169 1 1420 590 522
7909 5051 8881179 1 1440 600 578
7662 4858 8881189 1 1440 600 658
7481 4666 8881199 1 1420 610 711
7345 4563 8881209 1 1420 610 736
7334 4509 8881219 1 1420 610 790
7437 4487 8881229 1 1420 610 812
7617 4505 8881239 1 1420 610 828
7907 4566 8881249 1 1440 610 830
8273 4655 8881259 1 1440 610 829
8689 4779 8881269 1 1430 620 728
9173 4902 8881279 1 1430 620 504
