295
3318 6315 8102250 0 1400 750 491
3448 6490 8102260 1 1420 720 668
3448 6616 8102270 1 1420 710 707
3395 6682 8102280 1 1410 680 708
3381 6708 8102290 1 1420 660 739
3361 6728 8102300 1 1420 650 784
3337 6746 8102310 1 1430 630 802
3278 6724 8102320 1 1430 620 821
3179 6677 8102330 1 1440 600 834
3052 6555 8102340 1 1430 590 846
2917 6359 8102350 1 1430 570 851
2773 6114 8102360 1 1430 560 846
2622 5795 8102370 1 1440 560 849
2485 5461 8102380 1 1440 560 846
2396 5118 8102390 1 1430 550 840
2340 4823 8102400 1 1410 560 836
2334 4638 8102410 1 1410 560 840
2347 4527 8102420 1 1400 560 839
2372 4475 8102430 1 1390 560 836
2403 4458 8102440 1 1380 570 836
2439 4464 8102450 1 1380 570 839
2521 4529 8102460 1 1360 570 834
2631 4672 8102470 1 1360 570 836
2768 4866 8102480 1 1350 580 863
2900 5076 8102490 1 1350 580 885
3029 5255 8102500 1 1340 580 912
3160 5413 8102510 1 1320 580 934
3276 5549 8102520 1 1310 580 967
3381 5644 8102530 1 1310 580 976
3455 5712 8102540 1 1310 580 970
3497 5734 8102550 1 1290 590 958
3518 5716 8102560 1 1290 590 956
3518 5672 8102570 1 1290 590 953
3473 5500 8102580 1 1290 590 935
3394 5227 8102590 1 1310 580 945
3283 4886 8102600 1 1300 580 951
3154 4514 8102610 1 1310 580 937
3013 4184 8102620 1 1310 580 944
2898 3881 8102630 1 1310 580 949
2817 3656 8102640 1 1310 580 958
2758 3519 8102650 1 1290 590 953
2725 3440 8102660 1 1290 590 959
2718 3415 8102670 1 1290 590 958
2729 3430 8102680 1 1290 590 964
2756 3473 8102690 1 1290 590 961
2837 3638 8102700 1 1280 590 947
2953 3931 8102710 1 1280 590 950
3078 4310 8102720 1 1280 590 905
3189 4751 8102730 1 1280 590 900
3265 5199 8102740 1 1280 590 902
3321 5653 8102750 1 1280 590 909
3375 5982 8102760 1 1280 590 941
3416 6192 8102770 1 1280 590 941
3448 6322 8102780 1 1290 590 956
3457 6390 8102790 1 1290 590 980
3451 6411 8102800 1 1310 580 977
3435 6401 8102810 1 1310 580 970
3403 6384 8102820 1 1320 580 968
3349 6298 8102830 1 1340 570 967
3280 6166 8102840 1 1340 570 964
3217 5945 8102850 1 1350 570 961
3158 5647 8102860 1 1360 560 970
3127 5297 8102870 1 1360 560 979
3113 4834 8102880 1 1380 550 988
3131 4305 8102890 1 1380 550 977
3166 3732 8102900 1 1380 550 989
3212 3390 8102910 1 1380 550 997
3249 3137 8102920 1 1380 550 1023
3292 2944 8102930 1 1380 570 1023
3346 2854 8102940 1 1380 570 1023
3420 2822 8102950 1 1360 570 1023
3508 2830 8102960 1 1350 580 1023
3613 2923 8102970 1 1340 580 1023
3738 3131 8102980 1 1320 590 1023
3877 3415 8102990 1 1310 600 1023
4024 3789 8103000 1 1310 600 1023
4172 4285 8103010 1 1290 600 986
4324 4862 8103020 1 1280 590 970
4467 5468 8103030 1 1260 600 959
4605 5958 8103040 1 1260 600 974
4752 6370 8103050 1 1260 600 970
4867 6691 8103060 1 1260 600 974
4960 6920 8103070 1 1290 600 982
5025 7087 8103080 1 1290 600 986
5056 7173 8103090 1 1310 600 992
5065 7198 8103100 1 1320 590 983
5056 7182 8103110 1 1340 580 977
5025 7153 8103120 1 1350 580 977
4978 6972 8103130 1 1360 570 982
4920 6690 8103140 1 1390 570 1003
4873 6250 8103150 1 1390 570 1023
4878 5597 8103160 1 1400 560 1023
4913 4802 8103170 1 1420 570 1023
4967 4050 8103180 1 1420 570 1023
5020 3588 8103190 1 1420 570 1023
5071 3319 8103200 1 1420 570 1023
5106 3136 8103210 1 1400 580 1023
5150 3034 8103220 1 1390 580 1023
5201 2985 8103230 1 1380 590 1023
5233 3001 8103240 1 1360 600 1023
5264 3169 8103250 1 1350 600 1023
5291 3439 8103260 1 1320 610 1023
5291 3857 8103270 1 1300 620 1023
5271 4432 8103280 1 1290 630 981
5280 5113 8103290 1 1270 630 997
5352 5742 8103300 1 1270 630 995
5467 6258 8103310 1 1250 640 989
5624 6699 8103320 1 1250 640 992
5811 7082 8103330 1 1250 640 988
6017 7382 8103340 1 1250 640 1005
6193 7626 8103350 1 1250 640 1023
6349 7747 8103360 1 1270 630 1023
6492 7765 8103370 1 1300 630 1023
6596 7715 8103380 1 1330 620 1023
6684 7547 8103390 1 1350 620 1023
6762 7237 8103400 1 1360 610 1023
6774 6832 8103410 1 1380 600 1023
6718 6463 8103420 1 1390 600 1023
6616 6176 8103430 1 1410 590 1023
6482 5945 8103440 1 1420 590 1023
6328 5737 8103450 1 1430 590 1023
6160 5620 8103460 1 1430 590 1023
6010 5563 8103470 1 1430 590 1023
5864 5576 8103480 1 1420 590 1023
5722 5657 8103490 1 1420 590 1023
5637 5783 8103500 1 1420 590 1023
5591 5944 8103510 1 1410 600 1023
5608 6087 8103520 1 1410 600 1023
5675 6217 8103530 1 1410 600 1023
5776 6345 8103540 1 1390 600 1023
5917 6435 8103550 1 1390 600 1023
6062 6501 8103560 1 1390 600 1023
6242 6511 8103570 1 1390 600 1023
6444 6483 8103580 1 1390 600 1023
6625 6431 8103590 1 1390 600 1023
6755 6339 8103600 1 1410 600 1023
6851 6203 8103610 1 1410 600 1023
6875 6038 8103620 1 1410 600 1023
6833 5812 8103630 1 1410 600 1023
6748 5597 8103640 1 1410 600 1023
6628 5390 8103650 1 1420 590 1023
6495 5159 8103660 1 1420 610 1023
6352 4949 8103670 1 1420 610 1023
6264 4819 8103680 1 1420 610 1023
6223 4735 8103690 1 1410 610 1023
6214 4720 8103700 1 1410 610 1023
6225 4748 8103710 1 1400 620 1023
6238 4805 8103720 1 1400 620 1023
6299 4944 8103730 1 1380 630 1023
6390 5081 8103740 1 1380 630 1023
6491 5218 8103750 1 1370 630 1023
6592 5323 8103760 1 1370 630 1023
6664 5348 8103770 1 1370 630 1023
6717 5319 8103780 1 1350 640 1023
6730 5185 8103790 1 1350 640 1023
6688 4910 8103800 1 1330 630 1023
6608 4542 8103810 1 1330 630 1023
6507 4110 8103820 1 1320 640 1023
6388 3739 8103830 1 1320 640 1023
6257 3410 8103840 1 1330 650 1023
6192 3201 8103850 1 1320 650 1023
6168 3091 8103860 1 1320 650 1023
6168 3046 8103870 1 1320 650 1023
6183 3059 8103880 1 1300 660 1023
6228 3195 8103890 1 1300 660 1023
6295 3413 8103900 1 1280 660 1023
6380 3721 8103910 1 1280 660 1023
6471 4165 8103920 1 1260 670 1023
6568 4701 8103930 1 1260 670 1023
6665 5261 8103940 1 1260 670 1023
6761 5818 8103950 1 1260 670 1023
6864 6233 8103960 1 1280 680 1023
6941 6555 8103970 1 1280 680 1023
7000 6795 8103980 1 1280 680 1023
7043 6978 8103990 1 1300 670 1023
7054 7122 8104000 1 1310 670 1023
7043 7187 8104010 1 1330 660 1023
7010 7252 8104020 1 1350 650 1023
6963 7270 8104030 1 1370 650 1023
6907 7257 8104040 1 1400 650 1023
6829 7175 8104050 1 1410 640 1023
6739 6958 8104060 1 1430 630 1023
6640 6650 8104070 1 1440 620 1023
6560 6154 8104080 1 1430 620 1023
6509 5395 8104090 1 1440 610 1023
6478 4460 8104100 1 1440 610 1023
6495 3425 8104110 1 1440 610 1023
6511 2644 8104120 1 1440 610 1023
6520 2033 8104130 1 1440 610 1023
6560 1509 8104140 1 1430 620 1023
6624 1191 8104150 1 1400 630 1023
6624 1010 8104160 1 1370 650 1023
6636 909 8104170 1 1310 670 1023
6646 897 8104180 1 1250 680 1023
6657 945 8104190 1 1210 690 1023
6672 1086 8104200 1 1130 710 1023
6695 1334 8104210 1 1080 710 1023
6743 1653 8104220 1 1020 720 1023
6808 2105 8104230 1 1000 730 1023
6909 2692 8104240 1 970 730 1023
7054 3368 8104250 1 970 730 1023
7228 4136 8104260 1 900 740 1023
7516 4927 8104270 1 900 740 1023
7867 5733 8104280 1 870 740 1023
8259 6433 8104290 1 830 740 1023
8657 7093 8104300 1 870 740 1023
9057 7727 8104310 1 900 730 1023
9396 8221 8104320 1 970 730 1023
9692 8623 8104330 1 1030 730 1023
9931 8963 8104340 1 1120 720 1023
10092 9165 8104350 1 1190 720 1023
10202 9277 8104360 1 1220 710 1023
10239 9328 8104370 1 1270 700 1023
10239 9323 8104380 1 1330 700 1023
10212 9282 8104390 1 1350 690 1023
10134 9216 8104400 1 1390 680 1023
9995 9049 8104410 1 1420 680 1023
9814 8801 8104420 1 1440 670 1023
9612 8498 8104430 1 1460 660 1023
9389 8094 8104440 1 1490 660 1023
9151 7564 8104450 1 1500 650 1023
8916 6950 8104460 1 1520 650 1023
8687 6190 8104470 1 1530 650 1023
8462 5471 8104480 1 1530 650 1023
8257 4780 8104490 1 1530 650 1023
8077 4291 8104500 1 1530 650 1023
7913 3885 8104510 1 1530 650 1023
7776 3535 8104520 1 1520 650 1023
7688 3345 8104530 1 1510 660 1023
7633 3241 8104540 1 1500 670 1023
7619 3195 8104550 1 1470 690 1023
7650 3217 8104560 1 1450 700 1023
7712 3328 8104570 1 1430 700 1023
7847 3499 8104580 1 1390 710 1023
8026 3748 8104590 1 1370 710 1023
8233 4079 8104600 1 1350 720 1023
8485 4465 8104610 1 1300 720 1023
8741 4838 8104620 1 1250 730 1023
9002 5207 8104630 1 1220 740 1023
9208 5519 8104640 1 1190 740 1023
9377 5795 8104650 1 1190 740 1023
9513 6021 8104660 1 1190 740 1023
9589 6176 8104670 1 1190 740 1023
9626 6283 8104680 1 1190 740 1023
9617 6320 8104690 1 1190 740 1023
9567 6367 8104700 1 1220 740 1023
9489 6420 8104710 1 1250 730 1023
9396 6451 8104720 1 1280 720 1023
9308 6478 8104730 1 1300 720 1023
9241 6498 8104740 1 1330 710 1023
9187 6513 8104750 1 1350 710 1023
9154 6523 8104760 1 1350 710 1023
9126 6528 8104770 1 1370 700 1023
9110 6528 8104780 1 1390 690 1023
9102 6457 8104790 1 1390 690 1023
9102 6350 8104800 1 1410 680 1023
9102 6056 8104810 1 1430 690 1023
9123 5569 8104820 1 1450 680 1023
9148 4953 8104830 1 1450 680 1023
9178 4281 8104840 1 1430 690 1023
9246 3747 8104850 1 1410 700 1023
9253 3306 8104860 1 1420 710 1023
9219 2978 8104870 1 1400 720 1023
9203 2783 8104880 1 1370 730 1023
9179 2676 8104890 1 1350 730 1023
9142 2662 8104900 1 1350 750 1023
9098 2718 8104910 1 1290 760 1023
9005 2822 8104920 1 1260 770 1023
8870 2976 8104930 1 1180 780 1023
8708 3193 8104940 1 1140 780 1023
8560 3453 8104950 1 1100 780 1023
8474 3626 8104960 1 1050 790 1023
8428 3676 8104970 1 1000 790 1023
8438 3643 8104980 1 950 790 1023
8460 3579 8104990 1 950 790 1023
8491 3418 8105000 1 900 780 1023
8547 3193 8105010 1 900 780 1023
8597 3021 8105020 1 900 780 1023
8642 2903 8105030 1 900 780 1023
8679 2820 8105040 1 900 770 1023
8710 2793 8105050 1 900 770 1023
8737 2798 8105060 1 940 770 1023
8771 2825 8105070 1 940 760 1023
8805 2921 8105080 1 940 760 1023
8837 3082 8105090 1 940 760 906
8865 3287 8105100 1 940 750 245
9341 4430 8105134 0 970 750 1023
9742 4581 8105144 1 970 750 1023
9862 4563 8105154 1 970 750 1023
9949 4452 8105164 1 980 760 1023
9990 4279 8105174 1 1020 760 1023
10001 4182 8105184 1 1020 760 1023
9969 4086 8105194 1 1030 770 1023
9890 3990 8105204 1 1030 770 1023
9779 3895 8105214 1 1040 780 191
