177
2646 5144 52566386 0 1240 480 287
2646 5144 52566396 1 1240 480 396
2646 5144 52566406 1 1260 480 412
2571 5206 52566416 1 1260 480 417
2609 5213 52566426 1 1260 480 438
2682 5236 52566436 1 1270 490 468
2797 5269 52566446 1 1270 490 491
2937 5314 52566456 1 1290 490 492
3094 5375 52566466 1 1290 490 496
3264 5447 52566476 1 1300 500 498
3426 5518 52566486 1 1300 500 407
3571 5591 52566496 1 1300 500 173
3485 6142 52566576 0 1350 500 282
3322 6190 52566586 1 1350 500 301
3280 6209 52566596 1 1360 490 349
3226 6202 52566606 1 1360 490 361
3202 6178 52566616 1 1370 480 405
3202 6090 52566626 1 1370 480 485
3192 5883 52566636 1 1370 480 537
3184 5597 52566646 1 1380 480 572
3174 5244 52566656 1 1380 480 595
3166 4829 52566666 1 1380 480 603
3158 4373 52566666 1 1380 480 591
3175 3896 52566676 1 1370 480 562
3213 3536 52566686 1 1360 490 499
3264 3253 52566696 1 1350 500 417
3317 3089 52566706 1 1340 500 249
3126 4882 52566826 0 1200 520 439
3126 4882 52566836 1 1200 520 442
3025 4938 52566846 1 1210 520 450
2905 4777 52566856 1 1210 520 448
2761 4572 52566866 1 1220 510 447
2600 4337 52566876 1 1220 500 450
2421 4088 52566886 1 1240 500 452
2312 3932 52566896 1 1250 500 448
2249 3838 52566906 1 1250 500 304
2685 4580 52566957 0 1270 500 106
2943 4905 52566967 1 1260 500 202
3013 4970 52566977 1 1260 500 286
3082 4997 52566987 1 1260 500 371
3149 4997 52566997 1 1260 500 441
3215 4973 52567007 1 1260 500 495
3303 4943 52567017 1 1260 500 505
3405 4890 52567027 1 1270 510 502
3514 4823 52567037 1 1270 510 443
3627 4748 52567047 1 1270 510 70
4579 5762 52567197 0 1310 480 599
4639 5584 52567207 1 1310 480 606
4558 5645 52567217 1 1320 480 602
4523 5664 52567227 1 1340 480 591
4533 5654 52567237 1 1350 470 589
4574 5625 52567247 1 1360 470 591
4686 5625 52567257 1 1370 460 600
4807 5636 52567267 1 1370 460 606
4935 5627 52567277 1 1390 460 602
5087 5627 52567287 1 1390 460 591
5261 5645 52567297 1 1400 470 477
5450 5684 52567307 1 1400 470 173
5124 6375 52567417 0 1360 500 480
5185 6274 52567427 1 1360 500 497
5087 6259 52567437 1 1370 500 509
5053 6252 52567447 1 1380 490 527
5061 6079 52567457 1 1390 480 591
5045 5815 52567467 1 1390 480 644
5011 5491 52567477 1 1390 480 681
4965 5071 52567487 1 1400 480 694
4906 4626 52567497 1 1400 480 696
4839 4165 52567507 1 1400 480 697
4766 3757 52567517 1 1390 480 703
4697 3474 52567527 1 1380 490 699
4662 3275 52567537 1 1370 500 649
4650 3100 52567547 1 1350 510 510
4655 3018 52567557 1 1340 510 186
4667 4663 52567658 0 1220 540 620
4840 4760 52567668 1 1220 540 617
4803 4760 52567678 1 1230 530 613
4693 4704 52567688 1 1230 530 616
4589 4531 52567698 1 1240 530 619
4431 4277 52567708 1 1250 530 619
4236 4084 52567718 1 1260 510 616
4029 3892 52567728 1 1270 510 561
3906 3700 52567738 1 1270 510 423
4714 4969 52567818 0 1260 490 361
5015 5080 52567828 1 1260 490 396
5036 5064 52567838 1 1250 500 522
5062 5021 52567848 1 1240 490 605
5131 4918 52567858 1 1250 500 638
5228 4774 52567868 1 1250 500 662
5347 4671 52567878 1 1250 500 667
5487 4568 52567888 1 1260 500 662
5640 4458 52567898 1 1260 500 572
5841 4344 52567908 1 1270 510 222
6987 5836 52568198 0 1330 470 510
6987 5836 52568208 1 1340 470 526
6867 5923 52568218 1 1340 460 516
6867 5923 52568228 1 1360 450 521
6911 5870 52568238 1 1370 440 524
6989 5789 52568248 1 1380 440 526
7050 5701 52568258 1 1380 440 527
7100 5590 52568268 1 1380 440 515
7154 5464 52568278 1 1380 450 339
7026 4328 52568399 0 1340 500 397
7020 4034 52568409 1 1340 500 404
6927 4015 52568419 1 1340 500 402
6882 3923 52568429 1 1350 510 361
6869 3783 52568439 1 1340 510 170
6877 3662 52568449 1 1340 510 34
6877 3597 52568459 1 1330 520 56
6877 3569 52568469 1 1330 520 163
6856 3558 52568479 1 1310 520 292
6813 3551 52568489 1 1310 520 418
6756 3551 52568499 1 1300 530 513
6728 3551 52568509 1 1300 530 542
6728 3560 52568519 1 1290 530 550
6737 3573 52568529 1 1290 530 569
6787 3634 52568539 1 1290 550 600
6863 3746 52568549 1 1290 550 634
6957 3893 52568559 1 1290 550 647
7088 4074 52568569 1 1290 550 646
7269 4271 52568579 1 1270 550 611
7484 4479 52568589 1 1270 550 351
8333 5955 52568839 0 1470 400 339
8253 6039 52568849 1 1470 400 367
8258 6076 52568859 1 1470 400 393
8161 6141 52568869 1 1470 400 394
8135 6120 52568879 1 1470 410 392
8155 6041 52568889 1 1470 410 420
8166 5902 52568899 1 1470 420 452
8173 5732 52568909 1 1460 430 468
8178 5541 52568919 1 1460 440 468
8146 5243 52568929 1 1450 440 441
8116 4998 52568939 1 1460 460 322
8088 4789 52568949 1 1460 460 148
8225 5755 52569050 0 1400 520 359
8443 5925 52569060 1 1400 520 353
8538 6051 52569070 1 1380 510 364
8595 6106 52569080 1 1380 510 384
8728 6113 52569090 1 1400 510 443
8888 6107 52569100 1 1410 510 529
9065 6100 52569110 1 1420 500 603
9230 6100 52569120 1 1430 500 656
9414 6100 52569130 1 1440 500 700
9611 6084 52569140 1 1450 500 739
9795 6040 52569150 1 1460 500 753
9954 5976 52569160 1 1480 500 771
10097 5881 52569170 1 1500 500 774
10177 5776 52569180 1 1510 500 782
10205 5665 52569190 1 1510 510 780
10199 5548 52569200 1 1530 520 777
10137 5427 52569210 1 1540 520 750
10017 5291 52569220 1 1540 530 669
9857 5148 52569230 1 1560 530 540
9667 4993 52569240 1 1560 530 264
8157 4520 52569320 0 1520 570 480
7964 4387 52569330 1 1510 560 538
7937 4464 52569340 1 1490 560 543
7922 4500 52569350 1 1490 560 561
8074 4508 52569360 1 1480 560 616
8335 4581 52569370 1 1480 560 661
8668 4684 52569380 1 1460 550 667
9048 4806 52569390 1 1450 560 678
9380 4920 52569400 1 1450 560 663
9681 4980 52569410 1 1440 560 453
9011 7167 52569560 0 1510 510 371
9110 7112 52569570 1 1510 510 418
9110 7093 52569580 1 1510 500 438
9077 7086 52569590 1 1510 490 489
9086 6910 52569600 1 1510 470 597
9069 6621 52569610 1 1510 470 667
9034 6220 52569620 1 1510 460 727
8969 5707 52569630 1 1510 460 760
8906 5119 52569640 1 1510 460 771
8845 4449 52569650 1 1510 460 777
8839 3820 52569660 1 1510 460 763
8856 3218 52569670 1 1490 480 720
8887 2640 52569680 1 1480 480 614
8887 2189 52569681 1 1470 510 461
