136
3340 5054 52416631 0 1340 480 333
3340 5054 52416641 1 1350 490 342
3307 5026 52416651 1 1360 490 338
3307 5079 52416661 1 1370 500 343
3370 5092 52416671 1 1370 500 349
3476 5124 52416681 1 1370 500 368
3671 5170 52416691 1 1370 500 374
3871 5222 52416701 1 1360 490 379
4074 5274 52416711 1 1360 490 374
4284 5324 52416721 1 1360 490 309
4285 5974 52416841 0 1420 480 397
4132 5965 52416851 1 1420 480 405
4083 5930 52416861 1 1420 480 409
4075 5879 52416871 1 1420 480 418
4083 5660 52416881 1 1430 480 440
4100 5333 52416891 1 1430 480 461
4124 4933 52416901 1 1430 480 475
4124 4470 52416911 1 1430 480 475
4115 4006 52416921 1 1420 480 467
4101 3542 52416931 1 1420 480 450
4108 3184 52416941 1 1390 480 338
3971 4871 52417081 0 1250 510 373
3865 4567 52417091 1 1250 500 377
3698 4415 52417101 1 1250 480 382
3524 4202 52417111 1 1240 470 381
3354 3945 52417121 1 1250 460 296
3632 4817 52417211 0 1290 460 472
3905 4839 52417221 1 1300 470 465
3971 4818 52417231 1 1310 470 480
3971 4742 52417241 1 1310 480 488
4106 4629 52417251 1 1320 490 488
4258 4479 52417261 1 1320 500 485
4423 4363 52417271 1 1300 510 212
5229 5192 52417552 0 1350 550 68
5229 5192 52417562 1 1350 550 136
5229 5192 52417572 1 1380 550 212
5326 5315 52417582 1 1390 550 272
5409 5391 52417592 1 1410 550 315
5564 5456 52417602 1 1410 550 346
5743 5506 52417612 1 1410 530 356
5937 5535 52417622 1 1410 530 358
6118 5549 52417632 1 1410 530 309
5940 6201 52417762 0 1410 490 438
5883 6096 52417772 1 1420 480 438
5849 6104 52417782 1 1420 480 442
5849 5962 52417792 1 1420 470 466
5870 5721 52417802 1 1420 470 488
5887 5386 52417812 1 1420 470 515
5892 4959 52417822 1 1420 470 516
5892 4470 52417832 1 1420 470 521
5883 3987 52417842 1 1420 470 520
5883 3582 52417852 1 1400 480 474
5908 3229 52417862 1 1410 490 338
5769 4978 52418002 0 1300 550 354
5769 4978 52418012 1 1310 550 364
5632 4955 52418022 1 1310 540 373
5468 4823 52418032 1 1310 540 366
5301 4606 52418042 1 1310 520 366
5118 4323 52418052 1 1330 520 362
4924 4103 52418062 1 1340 510 275
5646 5057 52418143 0 1320 490 359
5882 5030 52418163 1 1300 500 366
5935 5030 52418173 1 1300 500 389
5967 4941 52418183 1 1300 510 393
6053 4791 52418193 1 1300 510 389
6163 4672 52418203 1 1300 510 344
6290 4601 52418213 1 1320 510 10
7500 5882 52418473 0 1410 520 206
7570 5760 52418483 1 1420 520 251
7546 5725 52418493 1 1430 510 317
7546 5725 52418503 1 1430 500 372
7546 5725 52418513 1 1430 500 392
7612 5552 52418523 1 1430 500 400
7675 5421 52418533 1 1430 500 397
7742 5263 52418543 1 1430 500 334
7665 3939 52418663 0 1390 540 515
7621 3763 52418673 1 1390 540 521
7565 3784 52418683 1 1390 540 513
7573 3793 52418693 1 1390 540 513
7622 3859 52418703 1 1390 540 519
7698 3963 52418713 1 1390 540 473
7825 4074 52418724 1 1390 550 310
8631 5756 52418854 0 1450 530 376
8564 5590 52418864 1 1450 530 394
8422 5565 52418874 1 1450 530 399
8361 5429 52418884 1 1450 530 391
8353 5220 52418894 1 1460 520 389
8383 4998 52418904 1 1460 520 289
8493 5169 52419014 0 1410 550 141
8499 5355 52419024 1 1410 550 228
8523 5448 52419034 1 1430 550 316
8586 5515 52419044 1 1430 550 387
8675 5565 52419054 1 1430 550 458
8821 5618 52419064 1 1430 550 513
9004 5669 52419074 1 1430 550 563
9211 5699 52419084 1 1430 550 588
9429 5717 52419094 1 1440 560 614
9651 5722 52419104 1 1440 560 639
9876 5722 52419114 1 1440 560 655
10138 5742 52419124 1 1460 550 661
10385 5766 52419134 1 1480 560 667
10623 5772 52419144 1 1480 560 665
10781 5758 52419154 1 1490 560 662
10865 5732 52419164 1 1510 560 661
10899 5677 52419174 1 1520 570 661
10869 5587 52419184 1 1530 580 667
10783 5474 52419194 1 1530 580 661
10660 5321 52419204 1 1540 580 636
10528 5167 52419214 1 1560 590 617
10404 5012 52419224 1 1560 590 543
10285 4863 52419234 1 1570 590 396
8920 4279 52419324 0 1520 590 436
8799 4365 52419334 1 1520 590 488
8765 4409 52419344 1 1500 580 512
8789 4438 52419354 1 1490 580 536
8918 4476 52419364 1 1490 580 589
9118 4522 52419374 1 1470 580 620
9364 4574 52419384 1 1470 580 638
9612 4612 52419394 1 1460 570 638
9835 4647 52419404 1 1460 570 616
10039 4675 52419414 1 1460 570 463
9712 6690 52419575 0 1500 540 369
9712 6690 52419585 1 1510 530 377
9629 6750 52419595 1 1530 520 386
9572 6750 52419605 1 1520 510 389
9572 6618 52419615 1 1530 500 443
9563 6419 52419625 1 1520 490 536
9549 6137 52419635 1 1530 490 628
9537 5745 52419645 1 1530 490 664
9526 5281 52419655 1 1530 490 681
9515 4683 52419665 1 1540 490 675
9505 4103 52419675 1 1530 500 643
9513 3535 52419685 1 1530 510 605
9513 3100 52419695 1 1530 520 566
9519 2779 52419705 1 1520 540 483
9519 2535 52419715 1 1500 540 161
