169
2460 4251 8918033 0 1270 690 364
2418 4241 8918043 1 1280 680 415
2367 4284 8918053 1 1280 650 391
2349 4351 8918063 1 1290 630 358
2363 4351 8918073 1 1280 610 348
2399 4400 8918083 1 1290 590 351
2482 4487 8918093 1 1300 580 353
2607 4575 8918103 1 1290 560 361
2759 4659 8918113 1 1290 550 364
2893 4741 8918123 1 1290 550 366
3030 4801 8918133 1 1290 530 361
3171 4820 8918143 1 1290 530 377
3285 4812 8918153 1 1290 530 381
3379 4775 8918163 1 1290 530 386
3437 4708 8918173 1 1290 530 384
3444 4621 8918183 1 1300 530 384
3416 4494 8918193 1 1300 530 377
3342 4333 8918203 1 1300 530 384
3241 4150 8918213 1 1300 530 394
3122 3991 8918223 1 1300 530 423
3008 3842 8918233 1 1300 530 448
2917 3700 8918243 1 1300 530 478
2841 3602 8918253 1 1290 530 490
2811 3558 8918263 1 1290 530 486
2819 3550 8918273 1 1290 530 486
2853 3550 8918283 1 1290 530 490
2915 3571 8918293 1 1280 540 481
3022 3604 8918303 1 1280 540 477
3160 3654 8918313 1 1280 540 478
3273 3679 8918323 1 1260 540 478
3349 3687 8918333 1 1260 540 466
3399 3650 8918343 1 1250 550 455
3385 3554 8918353 1 1250 550 452
3311 3418 8918363 1 1250 550 452
3198 3227 8918373 1 1250 550 465
3061 3035 8918383 1 1250 550 468
2955 2842 8918393 1 1250 550 475
2870 2725 8918403 1 1250 550 473
2850 2657 8918413 1 1250 550 465
2856 2632 8918423 1 1250 550 456
2878 2627 8918433 1 1250 550 455
2947 2635 8918443 1 1250 550 456
3040 2626 8918453 1 1250 550 458
3150 2568 8918463 1 1260 560 468
3211 2477 8918473 1 1260 560 490
3220 2340 8918483 1 1260 560 502
3193 2195 8918493 1 1260 560 529
3150 2046 8918503 1 1260 560 536
3108 1932 8918513 1 1260 560 522
3069 1872 8918523 1 1260 560 417
3060 1848 8918533 1 1260 560 127
3200 3417 8918594 0 1250 560 242
3414 3869 8918604 1 1260 560 342
3519 4083 8918614 1 1250 550 341
3671 4346 8918624 1 1250 550 353
3853 4556 8918634 1 1250 550 362
4016 4730 8918644 1 1250 550 382
4187 4904 8918654 1 1260 540 399
4362 5024 8918664 1 1250 540 389
4488 5108 8918674 1 1270 530 399
4559 5114 8918684 1 1270 530 394
4592 5031 8918694 1 1280 530 396
4542 4889 8918704 1 1280 530 393
4427 4640 8918714 1 1290 520 396
4269 4340 8918724 1 1290 520 415
4088 4005 8918734 1 1290 520 499
3952 3639 8918744 1 1290 520 564
3846 3384 8918754 1 1290 520 594
3832 3203 8918764 1 1300 530 592
3865 3080 8918774 1 1290 530 602
3930 3033 8918784 1 1290 530 616
4038 3033 8918794 1 1290 530 622
4185 3121 8918804 1 1280 540 625
4357 3283 8918814 1 1280 540 628
4526 3496 8918824 1 1260 540 638
4684 3736 8918834 1 1260 540 633
4834 4029 8918844 1 1250 550 614
4943 4357 8918854 1 1250 550 592
5035 4684 8918864 1 1250 550 545
5116 5001 8918874 1 1260 560 533
5158 5270 8918884 1 1260 560 518
5164 5511 8918894 1 1260 560 515
5147 5676 8918904 1 1260 560 504
5101 5799 8918914 1 1270 550 514
5030 5893 8918924 1 1290 560 519
4941 5875 8918934 1 1300 550 521
4833 5758 8918944 1 1310 550 543
4696 5574 8918954 1 1330 540 550
4540 5248 8918964 1 1330 540 560
4394 4819 8918974 1 1340 540 594
4249 4322 8918984 1 1330 530 619
4136 3755 8918994 1 1330 530 638
4044 3169 8919004 1 1340 520 650
4016 2570 8919014 1 1340 520 667
4057 2209 8919024 1 1330 530 679
4143 1978 8919034 1 1330 530 690
4279 1834 8919044 1 1330 530 699
4430 1783 8919054 1 1310 540 699
4592 1814 8919064 1 1310 540 700
4732 1901 8919074 1 1300 540 687
4839 2052 8919084 1 1290 550 670
4924 2272 8919094 1 1270 550 667
4973 2537 8919104 1 1290 560 649
4986 2855 8919114 1 1270 560 636
4975 3113 8919124 1 1260 570 644
4925 3332 8919134 1 1260 570 641
4831 3430 8919144 1 1240 570 645
4707 3456 8919154 1 1240 570 662
4569 3434 8919164 1 1240 570 694
4493 3387 8919174 1 1260 570 699
4457 3339 8919184 1 1260 570 733
4522 3245 8919194 1 1260 570 759
4690 3121 8919204 1 1260 570 773
4927 2959 8919214 1 1250 560 793
5189 2779 8919224 1 1260 570 796
5474 2586 8919234 1 1260 570 818
5773 2482 8919244 1 1260 570 827
6053 2404 8919254 1 1260 570 817
6309 2343 8919264 1 1270 570 809
6548 2315 8919274 1 1270 570 731
6762 2315 8919284 1 1260 580 502
6890 3834 8919405 0 1250 590 492
6760 4001 8919415 1 1270 590 510
6699 4179 8919425 1 1280 580 517
6692 4295 8919435 1 1280 580 494
6719 4369 8919445 1 1280 570 465
6774 4425 8919455 1 1300 560 472
6872 4481 8919465 1 1310 560 495
6999 4534 8919475 1 1310 560 516
7205 4587 8919485 1 1320 550 551
7421 4650 8919495 1 1320 550 561
7643 4720 8919505 1 1340 560 567
7905 4794 8919515 1 1350 550 567
8116 4833 8919525 1 1350 550 569
8292 4848 8919535 1 1360 560 567
8426 4820 8919545 1 1380 570 546
8481 4760 8919555 1 1380 570 540
8481 4678 8919565 1 1390 570 518
8395 4557 8919575 1 1390 570 520
8245 4389 8919585 1 1390 570 515
8053 4189 8919585 1 1400 580 546
7847 3987 8919595 1 1400 580 613
7647 3798 8919605 1 1390 580 659
7507 3618 8919615 1 1410 590 685
7404 3510 8919625 1 1410 590 693
7381 3454 8919635 1 1390 580 705
7426 3433 8919645 1 1380 590 721
7515 3433 8919655 1 1380 590 731
7671 3458 8919665 1 1380 590 720
7875 3510 8919675 1 1360 600 731
8112 3592 8919685 1 1360 600 731
8343 3678 8919695 1 1360 600 736
8572 3767 8919705 1 1360 610 733
8749 3797 8919715 1 1360 610 727
8891 3765 8919725 1 1360 610 702
8942 3693 8919735 1 1360 610 649
8880 3565 8919745 1 1360 610 595
8743 3376 8919755 1 1360 610 592
8530 3146 8919765 1 1380 610 627
8257 2878 8919775 1 1380 610 751
7943 2598 8919785 1 1380 610 866
7637 2311 8919795 1 1380 610 961
7472 2052 8919805 1 1400 620 1015
7402 1908 8919815 1 1400 620 1023
7506 1840 8919825 1 1400 620 1023
7843 1885 8919835 1 1400 620 1023
8334 2047 8919845 1 1410 630 988
8998 2288 8919855 1 1410 630 857
9665 2503 8919865 1 1430 630 613
