154
1118 6783 75828235 0 1090 570 404
1209 6493 75828245 1 1100 560 413
1152 6313 75828255 1 1130 560 417
1173 6057 75828265 1 1160 550 449
1197 5750 75828275 1 1180 540 478
1226 5352 75828285 1 1180 540 502
1256 4870 75828295 1 1190 530 546
1286 4331 75828305 1 1190 530 594
1309 3826 75828315 1 1180 540 649
1327 3412 75828325 1 1170 540 670
1344 3058 75828335 1 1150 540 681
1361 2759 75828345 1 1130 560 696
1377 2555 75828355 1 1100 560 693
1384 2414 75828365 1 1070 570 697
1384 2351 75828375 1 1050 580 691
1384 2356 75828385 1 1030 580 669
1358 2407 75828395 1 1020 580 661
1318 2546 75828405 1 1000 590 644
1273 2800 75828415 1 970 590 645
1228 3130 75828425 1 970 590 628
1212 3558 75828435 1 950 590 603
1212 4052 75828445 1 930 590 584
1259 4591 75828455 1 930 590 556
1348 5098 75828465 1 930 590 538
1465 5577 75828475 1 950 590 512
1624 6037 75828485 1 980 590 497
1776 6367 75828495 1 1000 600 478
1922 6623 75828505 1 1040 590 465
2074 6831 75828515 1 1050 590 455
2226 6945 75828525 1 1090 590 455
2366 6970 75828535 1 1120 580 456
2496 6937 75828545 1 1150 580 474
2634 6803 75828555 1 1190 580 488
2764 6606 75828565 1 1200 570 524
2864 6366 75828575 1 1230 560 586
2945 6102 75828585 1 1260 570 646
2993 5837 75828595 1 1270 560 669
2993 5566 75828605 1 1280 570 694
2957 5287 75828615 1 1300 560 719
2877 4990 75828625 1 1310 570 731
2765 4724 75828635 1 1310 570 721
2631 4478 75828645 1 1310 570 725
2482 4301 75828655 1 1300 580 725
2334 4190 75828665 1 1280 580 727
2184 4122 75828675 1 1270 570 724
2033 4154 75828685 1 1260 580 722
1910 4236 75828695 1 1240 580 720
1824 4351 75828705 1 1230 590 725
1763 4466 75828715 1 1210 590 725
1745 4541 75828725 1 1190 600 721
1758 4589 75828735 1 1190 600 721
1791 4609 75828745 1 1180 600 725
1862 4585 75828755 1 1180 600 727
1985 4532 75828765 1 1180 600 734
2142 4403 75828775 1 1180 600 742
2324 4206 75828785 1 1180 600 755
2536 3964 75828795 1 1160 600 754
2767 3667 75828805 1 1160 600 757
2993 3422 75828815 1 1160 600 776
3236 3213 75828825 1 1160 600 793
3491 3052 75828835 1 1160 600 785
3772 2942 75828845 1 1140 610 784
4016 2867 75828855 1 1140 610 780
4236 2877 75828865 1 1140 610 779
4431 2937 75828875 1 1130 610 754
4607 3030 75828885 1 1120 600 742
4771 3158 75828895 1 1120 600 720
4890 3315 75828905 1 1120 600 711
4976 3491 75828915 1 1120 600 699
5040 3651 75828925 1 1100 600 682
5072 3781 75828935 1 1090 600 678
5072 3891 75828945 1 1090 600 679
5051 3925 75828955 1 1090 600 679
5010 3918 75828965 1 1110 590 679
4963 3884 75828975 1 1110 590 687
4911 3786 75828985 1 1130 590 690
4891 3653 75828995 1 1130 590 713
4901 3498 75829005 1 1130 590 728
4931 3325 75829015 1 1140 590 727
5007 3150 75829025 1 1140 590 730
5124 3019 75829035 1 1140 590 727
5269 2920 75829045 1 1140 590 725
5427 2883 75829055 1 1140 590 724
5572 2904 75829065 1 1160 580 725
5709 2965 75829075 1 1160 580 722
5813 3060 75829085 1 1160 580 722
5858 3178 75829095 1 1150 600 731
5863 3312 75829105 1 1150 600 710
5813 3456 75829115 1 1150 600 700
5723 3597 75829125 1 1150 600 700
5607 3736 75829135 1 1150 600 708
5497 3820 75829145 1 1150 600 722
5388 3861 75829155 1 1140 590 731
5303 3873 75829165 1 1140 590 749
5234 3867 75829175 1 1140 590 751
5211 3860 75829185 1 1160 580 758
5247 3814 75829195 1 1160 580 754
5321 3741 75829205 1 1160 580 768
5466 3665 75829215 1 1160 580 770
5657 3611 75829225 1 1170 580 770
5878 3571 75829235 1 1170 580 771
6100 3590 75829245 1 1170 580 756
6365 3690 75829255 1 1160 580 737
6658 3845 75829265 1 1160 580 699
6939 4056 75829275 1 1160 580 684
7165 4295 75829285 1 1170 590 639
7355 4552 75829295 1 1170 590 526
7504 4819 75829305 1 1170 590 381
7595 5076 75829315 1 1180 600 337
7648 5327 75829325 1 1180 600 342
7648 5562 75829335 1 1180 600 369
7607 5676 75829345 1 1180 600 448
7536 5709 75829355 1 1180 600 492
7436 5679 75829365 1 1180 600 566
7320 5565 75829375 1 1190 610 641
7192 5394 75829385 1 1200 600 700
7094 5137 75829395 1 1200 600 758
7031 4828 75829405 1 1220 600 797
6992 4485 75829415 1 1220 600 833
6983 4145 75829425 1 1220 600 849
6998 3817 75829435 1 1240 600 866
7028 3497 75829445 1 1220 600 854
7084 3268 75829455 1 1220 600 855
7159 3108 75829465 1 1220 600 854
7247 2995 75829475 1 1200 600 854
7346 2972 75829485 1 1200 600 869
7447 3018 75829495 1 1190 610 863
7551 3110 75829505 1 1190 610 852
7678 3278 75829515 1 1170 610 839
7821 3436 75829525 1 1180 620 834
8011 3587 75829535 1 1160 630 837
8195 3660 75829545 1 1160 630 837
8375 3681 75829555 1 1150 630 839
8550 3667 75829565 1 1150 630 840
8715 3605 75829575 1 1130 630 837
8874 3542 75829585 1 1130 630 836
9041 3479 75829595 1 1130 630 845
9203 3436 75829605 1 1130 630 846
9396 3406 75829615 1 1130 630 848
9611 3406 75829625 1 1130 630 849
9850 3412 75829635 1 1130 630 846
10089 3419 75829645 1 1140 640 851
10328 3400 75829655 1 1160 640 845
10559 3380 75829665 1 1160 640 763
10770 3358 75829675 1 1170 650 468
10441 4277 75829777 0 1230 620 750
10110 4217 75829787 1 1240 620 721
10009 4206 75829797 1 1240 620 725
9971 4179 75829807 1 1260 620 594
8317 4491 75829927 0 1310 610 731
8017 4311 75829937 1 1320 600 768
7810 4349 75829947 1 1320 600 722
7735 4334 75829957 1 1310 600 666
7747 4285 75829967 1 1280 590 449
