166
1590 7228 75831840 0 1270 640 309
1584 7052 75831850 1 1270 620 397
1530 6967 75831860 1 1290 600 396
1504 6846 75831870 1 1310 570 412
1497 6644 75831880 1 1300 560 467
1489 6399 75831890 1 1290 550 537
1478 6098 75831900 1 1280 540 606
1466 5696 75831910 1 1280 530 665
1452 5228 75831920 1 1270 530 702
1442 4707 75831930 1 1250 540 742
1442 4214 75831940 1 1230 550 753
1449 3741 75831950 1 1200 550 784
1462 3369 75831960 1 1180 560 785
1476 3052 75831970 1 1160 570 794
1489 2773 75831980 1 1130 580 797
1497 2589 75831990 1 1120 580 802
1503 2506 75832000 1 1090 600 800
1503 2490 75832010 1 1060 600 788
1493 2511 75832020 1 1020 600 782
1475 2646 75832030 1 1010 610 758
1444 2858 75832040 1 970 610 724
1413 3163 75832050 1 950 610 713
1383 3550 75832060 1 940 610 687
1373 3992 75832070 1 920 610 667
1383 4496 75832080 1 920 610 643
1405 5000 75832090 1 920 610 641
1460 5465 75832100 1 920 610 645
1551 5906 75832110 1 940 620 642
1665 6251 75832120 1 960 620 636
1781 6547 75832130 1 990 620 627
1902 6811 75832140 1 1010 620 616
2053 7004 75832150 1 1050 610 614
2223 7129 75832160 1 1070 610 620
2398 7209 75832170 1 1120 600 620
2572 7200 75832180 1 1150 600 613
2745 7093 75832190 1 1170 590 633
2873 6922 75832200 1 1210 590 636
2973 6660 75832210 1 1230 590 668
3047 6372 75832220 1 1240 580 690
3073 6067 75832230 1 1270 590 725
3068 5749 75832240 1 1280 580 739
3027 5463 75832250 1 1280 580 760
2956 5199 75832260 1 1300 580 758
2866 4945 75832270 1 1280 580 758
2749 4748 75832280 1 1280 580 763
2602 4589 75832290 1 1270 590 756
2435 4496 75832300 1 1250 590 759
2274 4463 75832310 1 1240 600 762
2111 4470 75832321 1 1220 600 763
1946 4507 75832331 1 1200 600 762
1825 4555 75832341 1 1190 610 762
1745 4611 75832351 1 1170 610 763
1691 4655 75832361 1 1150 620 762
1669 4693 75832371 1 1160 630 756
1669 4710 75832381 1 1150 630 763
1693 4716 75832391 1 1150 630 751
1769 4689 75832401 1 1150 630 759
1899 4604 75832411 1 1150 630 771
2065 4480 75832421 1 1150 630 780
2272 4294 75832431 1 1150 630 780
2483 4072 75832441 1 1150 630 782
2709 3825 75832451 1 1130 630 793
2944 3596 75832461 1 1130 630 793
3179 3421 75832471 1 1130 630 800
3411 3282 75832481 1 1110 640 800
3641 3173 75832491 1 1100 630 796
3876 3128 75832501 1 1100 630 790
4090 3128 75832511 1 1080 630 773
4290 3186 75832521 1 1080 630 731
4468 3304 75832531 1 1070 620 676
4622 3460 75832541 1 1070 620 658
4761 3646 75832551 1 1070 610 650
4854 3837 75832561 1 1070 610 652
4914 4032 75832571 1 1070 610 653
4953 4162 75832581 1 1060 600 658
4962 4237 75832591 1 1060 600 661
4947 4276 75832601 1 1060 600 665
4915 4291 75832611 1 1060 600 667
4877 4259 75832621 1 1060 600 663
4841 4196 75832631 1 1080 600 696
4806 4074 75832641 1 1080 600 727
4787 3904 75832651 1 1090 600 751
4794 3702 75832661 1 1090 600 768
4817 3495 75832671 1 1110 590 782
4872 3298 75832681 1 1110 590 787
4958 3108 75832691 1 1110 590 791
5064 2996 75832701 1 1130 600 793
5199 2948 75832711 1 1130 600 788
5337 2942 75832721 1 1130 600 784
5460 3005 75832731 1 1130 600 782
5571 3121 75832741 1 1120 600 777
5649 3272 75832751 1 1120 600 774
5678 3432 75832761 1 1120 600 767
5673 3591 75832771 1 1120 600 754
5618 3748 75832781 1 1110 590 757
5537 3903 75832791 1 1110 590 759
5438 3983 75832801 1 1110 590 760
5331 4026 75832811 1 1110 590 770
5225 4044 75832821 1 1110 590 797
5153 4044 75832831 1 1130 590 796
5103 4044 75832841 1 1130 590 794
5112 4020 75832851 1 1130 580 800
5191 3991 75832861 1 1130 580 817
5317 3920 75832871 1 1130 580 827
5504 3862 75832881 1 1150 580 817
5744 3814 75832891 1 1150 580 817
6019 3804 75832901 1 1160 580 824
6298 3846 75832911 1 1170 580 822
6594 3924 75832921 1 1170 580 823
6900 4046 75832931 1 1180 590 785
7135 4208 75832941 1 1170 590 736
7339 4396 75832951 1 1180 600 646
7523 4602 75832961 1 1180 600 509
7629 4853 75832971 1 1170 610 245
7654 5426 75832992 0 1180 620 215
7480 5868 75833002 1 1180 620 358
7349 5982 75833012 1 1180 620 455
7202 5993 75833022 1 1180 620 537
7074 5929 75833032 1 1180 620 600
6959 5814 75833042 1 1200 620 643
6879 5623 75833052 1 1200 620 691
6838 5349 75833062 1 1200 620 727
6822 5019 75833072 1 1220 610 750
6844 4645 75833082 1 1220 610 784
6884 4282 75833092 1 1220 610 791
6935 3927 75833102 1 1220 610 783
6983 3604 75833112 1 1220 610 811
7041 3393 75833122 1 1200 620 820
7106 3256 75833132 1 1200 620 817
7181 3175 75833142 1 1200 620 817
7260 3183 75833152 1 1180 620 818
7346 3251 75833162 1 1160 630 812
7434 3396 75833172 1 1150 630 808
7523 3577 75833182 1 1130 630 802
7644 3783 75833192 1 1130 630 805
7788 3921 75833202 1 1110 640 806
7947 3975 75833212 1 1090 640 811
8097 3975 75833222 1 1090 640 811
8236 3924 75833232 1 1090 640 814
8378 3848 75833242 1 1090 640 817
8494 3753 75833252 1 1090 640 818
8593 3658 75833262 1 1090 640 830
8673 3571 75833272 1 1090 640 828
8755 3489 75833282 1 1090 640 839
8840 3414 75833292 1 1090 640 845
8957 3358 75833302 1 1090 640 843
9094 3316 75833312 1 1100 650 833
9276 3335 75833322 1 1120 640 754
9512 3427 75833332 1 1120 640 514
9785 3569 75833342 1 1120 640 83
10525 4266 75833382 0 1140 640 51
10802 4435 75833392 1 1150 650 136
10871 4401 75833402 1 1150 650 304
10923 4344 75833412 1 1150 650 344
10988 4287 75833422 1 1150 650 364
11031 4228 75833432 1 1170 650 367
11058 4172 75833442 1 1180 650 384
11049 4118 75833452 1 1180 650 362
9437 4498 75833562 0 1250 640 603
9235 4480 75833572 1 1250 640 762
9177 4475 75833582 1 1250 640 574
9157 4488 75833592 1 1250 640 301
7846 4430 75833723 0 1270 590 965
7636 4187 75833733 1 1270 590 878
7496 4217 75833743 1 1270 590 699
7491 4217 75833753 1 1260 580 468
