161
1329 7734 75835776 0 1220 530 353
1347 7629 75835786 1 1230 520 369
1267 7555 75835796 1 1240 520 371
1244 7459 75835806 1 1250 530 394
1259 7258 75835816 1 1270 520 447
1274 6995 75835826 1 1250 530 520
1289 6646 75835836 1 1250 530 569
1306 6217 75835846 1 1250 530 634
1320 5736 75835856 1 1240 530 670
1334 5269 75835866 1 1230 530 684
1344 4791 75835876 1 1220 540 696
1344 4305 75835886 1 1190 540 713
1344 3830 75835896 1 1160 550 733
1354 3482 75835906 1 1130 560 740
1364 3219 75835916 1 1100 560 752
1377 2999 75835926 1 1070 570 754
1390 2862 75835936 1 1050 580 758
1390 2781 75835946 1 1030 580 761
1382 2765 75835956 1 1000 590 751
1373 2807 75835966 1 970 590 740
1333 2889 75835976 1 930 590 721
1271 3093 75835986 1 920 590 710
1205 3398 75835996 1 900 590 694
1143 3770 75836006 1 880 590 684
1119 4243 75836016 1 880 590 672
1119 4744 75836026 1 880 590 666
1160 5265 75836036 1 880 590 670
1238 5789 75836046 1 900 590 661
1339 6215 75836056 1 920 590 656
1448 6575 75836066 1 930 590 650
1561 6838 75836076 1 970 590 649
1678 7017 75836086 1 1000 590 650
1799 7140 75836096 1 1020 580 649
1921 7214 75836106 1 1060 580 638
2068 7214 75836116 1 1100 580 647
2228 7168 75836126 1 1120 580 636
2375 7028 75836136 1 1150 580 638
2506 6805 75836146 1 1170 580 655
2626 6527 75836156 1 1200 570 669
2711 6243 75836166 1 1230 580 694
2747 5955 75836176 1 1240 570 720
2747 5665 75836186 1 1260 580 749
2717 5412 75836196 1 1260 580 751
2652 5161 75836206 1 1280 580 756
2566 4912 75836216 1 1270 590 756
2473 4735 75836226 1 1280 590 756
2370 4633 75836236 1 1260 600 756
2259 4581 75836246 1 1250 600 750
2137 4581 75836256 1 1230 610 761
2004 4631 75836266 1 1200 600 761
1863 4706 75836276 1 1200 620 760
1759 4765 75836286 1 1180 620 763
1687 4804 75836296 1 1160 630 761
1635 4830 75836306 1 1160 630 761
1614 4836 75836316 1 1150 630 751
1614 4836 75836326 1 1140 620 740
1634 4810 75836336 1 1140 620 743
1701 4758 75836346 1 1140 620 749
1806 4639 75836356 1 1140 620 758
1935 4472 75836366 1 1140 620 753
2109 4274 75836376 1 1140 620 759
2301 4050 75836386 1 1140 620 759
2505 3834 75836396 1 1140 620 756
2745 3623 75836406 1 1140 620 762
2977 3463 75836416 1 1140 620 768
3203 3341 75836426 1 1140 620 762
3434 3244 75836436 1 1120 620 759
3665 3200 75836446 1 1110 610 750
3876 3218 75836456 1 1110 610 758
4074 3278 75836466 1 1090 620 742
4260 3386 75836476 1 1080 610 724
4409 3528 75836486 1 1080 610 721
4532 3692 75836496 1 1070 610 697
4632 3882 75836506 1 1070 610 697
4701 4028 75836516 1 1060 600 685
4750 4144 75836526 1 1060 600 687
4763 4195 75836536 1 1060 600 682
4749 4201 75836546 1 1060 600 675
4716 4177 75836556 1 1060 600 676
4676 4110 75836566 1 1080 600 691
4655 3995 75836576 1 1070 590 696
4646 3847 75836586 1 1090 590 733
4678 3646 75836596 1 1090 590 736
4748 3461 75836606 1 1100 580 742
4842 3288 75836616 1 1100 580 751
4962 3146 75836626 1 1100 580 755
5106 3064 75836636 1 1120 580 754
5267 3022 75836646 1 1130 590 752
5422 3040 75836656 1 1130 590 752
5555 3116 75836666 1 1130 590 749
5673 3231 75836676 1 1130 590 743
5752 3378 75836686 1 1130 590 737
5777 3538 75836696 1 1130 590 721
5765 3707 75836706 1 1130 590 724
5702 3886 75836716 1 1130 590 728
5615 3993 75836726 1 1130 590 731
5511 4051 75836736 1 1130 590 722
5407 4060 75836746 1 1130 590 748
5309 4046 75836756 1 1130 590 750
5258 4016 75836766 1 1130 590 753
5235 3992 75836776 1 1130 590 756
5277 3944 75836786 1 1140 590 771
5387 3880 75836796 1 1140 590 782
5542 3832 75836806 1 1160 580 787
5776 3815 75836816 1 1160 580 787
6038 3820 75836826 1 1160 580 793
6318 3878 75836836 1 1170 580 793
6617 3987 75836846 1 1180 590 776
6920 4129 75836856 1 1180 590 733
7165 4319 75836866 1 1200 580 678
7370 4517 75836876 1 1210 590 614
7528 4721 75836886 1 1190 600 474
7618 4942 75836896 1 1200 600 237
7663 5161 75836906 1 1200 600 39
7663 5161 75836917 0 1200 600 127
7484 5675 75836927 1 1220 610 249
7376 5728 75836937 1 1220 610 361
7274 5728 75836947 1 1220 610 464
7176 5688 75836957 1 1220 610 564
7102 5590 75836967 1 1220 610 627
7056 5415 75836977 1 1220 610 693
7029 5190 75836987 1 1220 610 746
7029 4913 75836997 1 1230 610 791
7048 4602 75837007 1 1230 610 827
7086 4269 75837017 1 1230 610 831
7141 3959 75837027 1 1230 610 831
7217 3706 75837037 1 1230 610 834
7307 3491 75837047 1 1230 610 833
7430 3383 75837057 1 1230 610 825
7556 3360 75837067 1 1220 610 818
7688 3393 75837077 1 1220 610 821
7826 3483 75837087 1 1200 620 805
7946 3583 75837097 1 1210 630 806
8053 3690 75837107 1 1210 630 806
8150 3739 75837117 1 1190 630 809
8246 3726 75837127 1 1170 630 811
8340 3671 75837137 1 1170 630 812
8441 3580 75837147 1 1160 640 802
8543 3499 75837157 1 1160 640 749
8673 3424 75837167 1 1140 640 679
8820 3404 75837177 1 1140 640 627
9000 3429 75837187 1 1140 640 624
9167 3484 75837197 1 1140 640 628
9326 3551 75837207 1 1140 640 676
9503 3574 75837217 1 1140 640 750
9680 3568 75837227 1 1140 640 818
9891 3509 75837237 1 1150 650 817
10123 3462 75837247 1 1150 650 823
10343 3422 75837257 1 1170 650 711
10570 3422 75837267 1 1170 650 188
10497 4182 75837378 0 1240 630 496
10261 4135 75837388 1 1240 630 509
10184 4103 75837398 1 1260 620 526
10135 4057 75837408 1 1270 630 539
10089 4001 75837418 1 1270 630 510
10042 3944 75837428 1 1290 630 127
8368 4230 75837538 0 1290 610 790
8128 4063 75837548 1 1280 610 791
8048 4089 75837558 1 1280 610 728
7985 4058 75837568 1 1280 610 638
7993 3988 75837578 1 1280 610 149
