233
3400 5539 240615 0 1480 500 394
3400 5539 240625 1 1470 510 412
3400 5539 240635 1 1460 520 415
3400 5539 240645 1 1450 530 427
3424 5628 240655 1 1450 530 443
3463 5698 240665 1 1430 530 458
3510 5784 240675 1 1430 530 465
3553 5878 240685 1 1420 540 491
3587 5971 240695 1 1420 540 496
3615 6052 240705 1 1420 540 510
3628 6125 240715 1 1420 540 522
3622 6187 240725 1 1420 540 536
3604 6248 240735 1 1440 540 570
3579 6309 240745 1 1440 540 583
3537 6344 240755 1 1440 540 594
3483 6355 240765 1 1450 540 595
3428 6349 240775 1 1450 540 595
3360 6303 240785 1 1460 540 589
3283 6210 240795 1 1470 530 600
3192 6085 240805 1 1470 530 613
3103 5903 240815 1 1470 530 647
3014 5716 240825 1 1480 530 667
2951 5549 240835 1 1480 530 664
2918 5397 240845 1 1480 530 667
2905 5272 240855 1 1470 530 670
2926 5196 240865 1 1470 530 679
2984 5154 240875 1 1470 530 688
3067 5142 240885 1 1460 540 699
3197 5189 240895 1 1460 540 699
3332 5275 240905 1 1450 550 691
3476 5417 240915 1 1450 550 676
3624 5555 240925 1 1450 550 664
3738 5691 240935 1 1440 560 662
3829 5799 240945 1 1440 560 667
3860 5880 240955 1 1410 560 690
3860 5943 240965 1 1410 560 707
3840 5959 240975 1 1410 560 717
3812 5959 240985 1 1410 560 719
3784 5940 240995 1 1430 550 725
3726 5844 241005 1 1430 550 730
3649 5704 241015 1 1430 550 752
3570 5534 241025 1 1440 540 780
3497 5331 241035 1 1440 540 796
3426 5104 241045 1 1440 540 820
3354 4862 241055 1 1430 550 825
3290 4640 241065 1 1430 550 858
3224 4459 241075 1 1430 550 872
3156 4306 241085 1 1430 550 893
3087 4165 241095 1 1430 550 892
3017 4054 241105 1 1410 560 897
2945 3963 241115 1 1410 560 908
2866 3888 241125 1 1410 560 914
2782 3833 241135 1 1400 560 915
2678 3792 241145 1 1390 570 920
2568 3777 241155 1 1380 570 921
2453 3786 241165 1 1360 570 918
2339 3810 241175 1 1360 570 906
2224 3864 241185 1 1360 570 864
2107 3951 241195 1 1350 580 790
2016 4059 241205 1 1350 580 690
1987 4188 241215 1 1340 570 548
1999 4321 241225 1 1340 570 284
4554 5627 241417 0 1400 530 272
4644 5689 241427 1 1400 530 291
4657 5737 241437 1 1410 530 309
4670 5786 241447 1 1410 530 344
4683 5839 241457 1 1410 530 393
4683 5903 241467 1 1420 540 449
4666 5971 241477 1 1420 540 491
4637 6025 241487 1 1420 540 537
4599 6079 241497 1 1450 540 569
4562 6109 241507 1 1450 540 588
4526 6125 241517 1 1450 540 609
4441 6112 241527 1 1460 540 614
4357 6053 241537 1 1460 540 643
4257 5964 241547 1 1460 540 687
4146 5827 241557 1 1460 540 721
4053 5693 241567 1 1460 540 731
3989 5560 241577 1 1460 540 746
3944 5434 241587 1 1460 540 754
3929 5344 241597 1 1470 530 760
3938 5277 241607 1 1470 530 758
3963 5241 241617 1 1460 540 760
4011 5233 241627 1 1460 540 758
4092 5245 241637 1 1460 540 743
4194 5312 241647 1 1450 550 724
4316 5413 241657 1 1450 550 699
4428 5536 241667 1 1440 540 688
4532 5637 241677 1 1430 550 685
4606 5721 241687 1 1430 550 685
4645 5794 241697 1 1430 550 700
4660 5846 241707 1 1400 550 727
4660 5862 241717 1 1400 550 733
4660 5854 241727 1 1400 550 724
4655 5854 241737 1 1400 550 731
4641 5805 241747 1 1400 550 730
4615 5724 241757 1 1400 550 746
4581 5623 241767 1 1410 550 753
4565 5520 241777 1 1410 550 774
4553 5415 241787 1 1410 550 784
4559 5310 241797 1 1410 550 790
4576 5234 241807 1 1410 550 794
4612 5176 241817 1 1410 550 785
4674 5143 241827 1 1410 550 788
4753 5143 241837 1 1430 550 791
4851 5171 241847 1 1430 550 796
4969 5250 241857 1 1430 550 771
5100 5365 241867 1 1430 550 742
5251 5503 241877 1 1440 560 705
5382 5633 241887 1 1440 560 678
5499 5761 241897 1 1440 560 669
5592 5890 241907 1 1450 560 675
5654 6020 241917 1 1450 560 679
5694 6110 241927 1 1450 560 699
5723 6180 241937 1 1470 560 707
5740 6236 241947 1 1480 560 720
5748 6266 241957 1 1490 560 736
5748 6275 241967 1 1490 560 736
5743 6275 241977 1 1520 560 733
5743 6261 241987 1 1520 560 739
5703 6190 241997 1 1530 550 760
5643 6078 242007 1 1530 550 773
5579 5931 242017 1 1530 550 791
5517 5786 242027 1 1530 540 796
5459 5642 242037 1 1530 540 806
5422 5521 242047 1 1530 540 812
5397 5420 242057 1 1530 540 821
5389 5332 242067 1 1530 540 820
5406 5280 242077 1 1530 550 821
5440 5254 242087 1 1530 550 826
5488 5245 242097 1 1530 550 817
5554 5265 242107 1 1520 560 784
5632 5324 242117 1 1520 560 758
5723 5409 242127 1 1500 550 699
5801 5492 242137 1 1490 560 581
5871 5555 242147 1 1510 560 386
5890 5604 242157 1 1500 570 55
5622 5627 242198 0 1500 570 60
5415 5620 242208 1 1500 570 117
5317 5620 242218 1 1500 570 242
5223 5627 242228 1 1500 570 393
5173 5633 242238 1 1500 570 519
5152 5639 242248 1 1500 570 602
5152 5639 242258 1 1500 570 634
5152 5639 242268 1 1500 570 693
5199 5661 242278 1 1500 570 722
5272 5690 242288 1 1500 570 743
5382 5730 242298 1 1480 570 748
5515 5777 242308 1 1480 570 736
5664 5830 242318 1 1480 570 682
5800 5864 242328 1 1470 560 540
5896 5871 242338 1 1470 560 287
5934 5693 242418 0 1510 560 335
5894 5602 242428 1 1510 560 369
5900 5586 242438 1 1520 560 409
5911 5581 242448 1 1520 560 465
5934 5558 242458 1 1530 560 546
5979 5558 242468 1 1530 560 616
6038 5558 242478 1 1520 570 643
6120 5588 242488 1 1520 570 658
6221 5629 242498 1 1520 570 668
6334 5679 242508 1 1510 580 667
6442 5739 242518 1 1510 580 664
6538 5808 242528 1 1510 580 661
6627 5884 242538 1 1530 580 665
6691 5953 242548 1 1530 580 667
6722 6003 242558 1 1530 580 668
6730 6040 242568 1 1530 580 667
6703 6061 242578 1 1540 570 661
6660 6079 242588 1 1540 570 667
6607 6068 242598 1 1540 570 664
6535 6039 242608 1 1540 560 687
6455 5983 242618 1 1540 560 717
6369 5899 242628 1 1560 570 746
6299 5797 242638 1 1570 560 768
6247 5700 242648 1 1570 560 796
6208 5599 242658 1 1570 560 797
6199 5504 242668 1 1570 560 805
6216 5416 242678 1 1570 560 818
6250 5353 242688 1 1570 560 819
6316 5317 242698 1 1570 560 834
6403 5299 242708 1 1570 560 840
6503 5309 242718 1 1560 570 845
6617 5350 242728 1 1540 560 837
6749 5411 242738 1 1540 560 825
6892 5493 242748 1 1540 570 830
7019 5586 242758 1 1540 570 802
7150 5687 242768 1 1540 580 777
7280 5789 242778 1 1540 580 750
7408 5905 242788 1 1540 580 750
7511 6031 242798 1 1560 590 763
7581 6122 242808 1 1560 590 756
7630 6185 242818 1 1560 590 779
7644 6229 242828 1 1580 580 794
7644 6239 242838 1 1580 580 785
7624 6246 242848 1 1580 580 787
7606 6246 242858 1 1610 570 793
7567 6208 242868 1 1610 570 806
7514 6148 242878 1 1630 570 820
7472 6068 242888 1 1630 570 817
7432 5985 242898 1 1640 570 833
7399 5900 242908 1 1650 560 843
7391 5815 242918 1 1650 560 860
7397 5749 242928 1 1650 560 858
7423 5695 242938 1 1650 550 875
7472 5641 242948 1 1650 560 899
7535 5593 242958 1 1650 560 902
7618 5550 242968 1 1650 560 923
7705 5509 242978 1 1640 570 944
7806 5469 242988 1 1640 570 933
7914 5430 242998 1 1640 580 943
7991 5383 243008 1 1640 580 950
8045 5332 243018 1 1630 590 958
8084 5280 243028 1 1630 590 967
8095 5230 243038 1 1620 600 980
8079 5178 243048 1 1620 600 981
8046 5125 243058 1 1620 610 997
7986 5071 243059 1 1600 600 1009
7897 5017 243069 1 1600 600 1015
7789 4975 243079 1 1600 600 1023
7665 4940 243089 1 1600 600 1023
7526 4904 243099 1 1600 600 1023
7377 4874 243109 1 1600 600 1023
7231 4849 243119 1 1600 600 1023
7123 4830 243129 1 1600 600 1023
7041 4823 243139 1 1600 600 1023
6987 4823 243149 1 1600 600 1023
6950 4840 243159 1 1600 600 1023
6924 4868 243169 1 1610 600 1023
6904 4906 243179 1 1610 600 997
6885 4948 243189 1 1610 600 911
6868 4989 243199 1 1590 590 785
6852 5025 243209 1 1590 590 438
