227
3370 5754 217462 0 1470 550 464
3465 5761 217472 1 1470 550 456
3460 5802 217482 1 1470 550 456
3460 5820 217492 1 1460 540 465
3494 5864 217502 1 1450 550 473
3550 5943 217512 1 1450 550 470
3601 6038 217522 1 1450 550 480
3636 6116 217532 1 1450 550 490
3661 6191 217542 1 1450 550 489
3661 6250 217552 1 1450 550 510
3631 6298 217562 1 1450 550 521
3586 6337 217572 1 1450 550 539
3521 6374 217582 1 1450 550 565
3442 6374 217592 1 1460 550 572
3353 6347 217602 1 1460 550 580
3252 6282 217612 1 1460 550 586
3144 6183 217622 1 1460 550 617
3030 6062 217632 1 1490 550 638
2943 5922 217642 1 1490 550 656
2887 5780 217652 1 1490 550 668
2852 5672 217662 1 1490 550 664
2852 5588 217672 1 1490 550 667
2878 5530 217682 1 1490 550 670
2929 5494 217692 1 1490 550 676
3000 5473 217702 1 1480 560 678
3098 5490 217712 1 1480 560 673
3213 5545 217722 1 1470 560 667
3330 5626 217732 1 1450 560 663
3435 5714 217742 1 1440 570 667
3533 5802 217752 1 1440 570 667
3608 5887 217762 1 1440 570 662
3647 5972 217772 1 1440 570 676
3662 6013 217782 1 1440 570 690
3662 6023 217792 1 1440 570 693
3662 6013 217802 1 1440 570 690
3662 6004 217812 1 1440 570 725
3662 5916 217822 1 1440 570 749
3640 5776 217832 1 1440 570 759
3609 5618 217843 1 1440 570 779
3573 5431 217853 1 1440 570 787
3524 5226 217863 1 1440 570 818
3467 5015 217873 1 1440 570 827
3400 4807 217883 1 1440 570 851
3327 4600 217893 1 1440 570 855
3249 4433 217903 1 1440 570 876
3161 4281 217913 1 1430 570 894
3060 4138 217923 1 1430 570 896
2951 4031 217933 1 1420 580 909
2834 3948 217943 1 1400 580 911
2699 3881 217953 1 1390 580 912
2553 3843 217963 1 1380 590 923
2411 3832 217973 1 1380 590 924
2271 3838 217983 1 1350 590 926
2122 3872 217993 1 1350 590 923
1967 3938 218003 1 1340 600 897
1834 4026 218013 1 1340 600 881
1722 4137 218023 1 1340 600 833
1625 4245 218033 1 1340 600 742
1573 4347 218043 1 1340 600 562
1601 4444 218053 1 1320 590 187
4711 5980 218343 0 1510 530 319
4789 6053 218353 1 1500 540 342
4800 6114 218363 1 1490 550 354
4800 6189 218373 1 1480 560 387
4800 6246 218383 1 1490 560 449
4800 6311 218393 1 1500 550 485
4800 6381 218403 1 1500 550 510
4771 6435 218413 1 1500 550 526
4734 6486 218423 1 1500 550 536
4669 6500 218433 1 1500 550 550
4587 6490 218443 1 1500 540 561
4493 6425 218453 1 1500 540 589
4345 6316 218463 1 1500 540 634
4214 6179 218473 1 1500 540 675
4094 6030 218483 1 1500 540 705
4010 5879 218493 1 1500 540 717
3964 5756 218503 1 1470 550 728
3942 5653 218513 1 1470 550 731
3951 5585 218523 1 1470 550 724
3984 5541 218533 1 1450 550 724
4033 5512 218543 1 1450 550 719
4122 5512 218553 1 1430 550 708
4252 5577 218563 1 1430 550 693
4409 5675 218573 1 1410 560 656
4570 5798 218583 1 1400 550 627
4734 5928 218593 1 1390 560 614
4848 6062 218603 1 1390 560 625
4929 6155 218613 1 1390 560 639
4968 6210 218623 1 1400 560 661
4978 6239 218633 1 1410 560 667
4969 6234 218643 1 1410 560 670
4969 6215 218653 1 1410 560 697
4969 6186 218663 1 1410 560 705
4944 6072 218673 1 1430 560 717
4916 5942 218683 1 1430 560 727
4916 5802 218693 1 1440 560 755
4911 5694 218703 1 1450 560 754
4934 5609 218713 1 1450 560 765
4974 5540 218723 1 1450 560 779
5036 5493 218733 1 1470 560 784
5125 5486 218743 1 1470 560 790
5231 5506 218753 1 1470 560 782
5377 5580 218763 1 1470 560 751
5527 5691 218773 1 1470 560 722
5685 5827 218783 1 1460 570 696
5820 5972 218793 1 1460 570 694
5941 6115 218803 1 1460 570 699
6026 6254 218813 1 1470 580 690
6086 6391 218824 1 1470 580 708
6128 6487 218834 1 1470 580 736
6150 6557 218844 1 1490 580 760
6150 6563 218854 1 1490 580 750
6150 6563 218864 1 1490 580 758
6150 6563 218874 1 1500 580 758
6143 6551 218884 1 1510 580 762
6104 6458 218894 1 1510 580 787
6041 6312 218904 1 1540 570 794
5975 6152 218914 1 1540 570 806
5914 5988 218924 1 1540 570 812
5860 5816 218934 1 1560 570 824
5814 5693 218944 1 1560 570 827
5806 5604 218954 1 1550 580 830
5823 5537 218964 1 1550 580 829
5860 5496 218974 1 1550 580 823
5918 5472 218984 1 1530 580 799
5991 5485 218994 1 1530 580 746
6089 5538 219004 1 1530 580 638
6188 5618 219014 1 1520 590 422
6285 5698 219024 1 1520 590 37
6299 5981 219075 0 1500 580 85
6130 6017 219085 1 1500 580 144
6021 6023 219095 1 1500 580 185
5904 6023 219105 1 1500 580 249
5765 6013 219115 1 1500 580 325
5650 6000 219125 1 1510 580 440
5552 5987 219135 1 1510 580 541
5483 5976 219145 1 1520 570 606
5449 5969 219155 1 1520 570 644
5438 5969 219165 1 1530 560 665
5453 5963 219175 1 1520 560 691
5505 5963 219185 1 1530 550 733
5581 5956 219195 1 1530 550 761
5718 5983 219205 1 1530 550 763
5886 6026 219215 1 1520 540 753
6074 6073 219225 1 1520 540 758
6240 6118 219235 1 1520 540 727
6361 6133 219245 1 1520 540 638
6453 6128 219255 1 1520 540 491
6507 6112 219265 1 1520 540 137
6508 5998 219315 0 1530 550 363
6481 5914 219325 1 1540 550 442
6466 5893 219335 1 1540 550 504
6466 5877 219345 1 1540 550 569
6502 5854 219355 1 1540 550 644
6554 5854 219365 1 1540 550 691
6633 5866 219375 1 1540 550 725
6759 5913 219385 1 1540 550 736
6917 5973 219395 1 1540 550 743
7056 6043 219405 1 1550 550 746
7182 6114 219415 1 1550 550 748
7298 6185 219425 1 1550 550 746
7392 6252 219435 1 1570 560 740
7456 6321 219445 1 1570 560 722
7501 6392 219455 1 1570 560 730
7501 6456 219465 1 1580 560 724
7474 6512 219475 1 1580 560 722
7421 6533 219485 1 1580 560 728
7321 6533 219495 1 1600 560 724
7188 6483 219505 1 1600 560 758
7032 6394 219515 1 1600 560 788
6907 6280 219525 1 1610 570 827
6810 6149 219535 1 1610 570 858
6731 5995 219545 1 1610 570 888
6697 5827 219555 1 1610 570 896
6697 5698 219565 1 1590 570 902
6728 5603 219575 1 1580 580 923
6792 5531 219585 1 1580 580 935
6893 5490 219595 1 1570 580 950
7018 5490 219605 1 1560 590 934
7191 5529 219615 1 1560 590 945
7412 5618 219625 1 1530 590 909
7666 5740 219635 1 1530 590 870
7911 5884 219645 1 1520 600 858
8092 6016 219655 1 1520 600 848
8229 6138 219665 1 1540 600 848
8338 6254 219675 1 1540 600 851
8423 6364 219685 1 1540 600 851
8492 6472 219695 1 1560 610 855
8516 6539 219705 1 1560 610 861
8516 6581 219715 1 1570 610 867
8497 6594 219725 1 1570 610 861
8461 6583 219735 1 1590 610 864
8383 6556 219745 1 1610 620 861
8278 6477 219755 1 1620 610 885
8179 6369 219765 1 1630 610 896
8083 6243 219775 1 1640 600 909
8030 6139 219785 1 1640 600 918
8003 6045 219795 1 1650 590 923
8003 5957 219805 1 1650 590 933
8028 5876 219815 1 1650 590 947
8065 5794 219825 1 1650 590 946
8123 5725 219835 1 1650 590 968
8202 5666 219845 1 1640 600 980
8295 5611 219855 1 1640 600 991
8416 5561 219865 1 1630 610 994
8540 5515 219875 1 1630 610 997
8641 5462 219885 1 1630 620 979
8724 5405 219895 1 1630 620 979
8760 5341 219905 1 1620 630 982
8760 5273 219915 1 1600 630 997
8727 5205 219925 1 1590 640 1015
8663 5135 219935 1 1590 640 1023
8563 5063 219945 1 1580 640 1023
8438 5004 219955 1 1570 650 1023
8275 4954 219966 1 1570 650 1023
8086 4913 219976 1 1560 660 1023
7879 4871 219986 1 1560 660 1023
7641 4829 219996 1 1560 660 1023
7404 4786 220006 1 1540 660 1023
7164 4750 220016 1 1540 660 1023
6951 4719 220026 1 1540 660 1023
6759 4700 220036 1 1510 660 1023
6600 4700 220046 1 1510 660 1023
6476 4707 220056 1 1490 660 1023
6375 4733 220066 1 1490 660 1023
6289 4770 220076 1 1470 650 921
6207 4815 220086 1 1470 650 730
