300
2842 6667 8178159 0 1350 800 417
2931 6888 8178169 1 1350 800 489
2939 7028 8178179 1 1350 800 554
2939 7103 8178189 1 1350 800 578
2932 7154 8178199 1 1350 800 614
2925 7188 8178209 1 1390 790 663
2905 7203 8178219 1 1420 790 678
2869 7198 8178229 1 1440 770 679
2821 7181 8178239 1 1460 740 681
2725 7090 8178249 1 1450 730 681
2594 6903 8178259 1 1480 710 681
2440 6651 8178269 1 1480 700 696
2284 6347 8178279 1 1470 690 719
2119 6034 8178289 1 1480 670 746
1947 5714 8178299 1 1470 650 759
1821 5393 8178309 1 1480 630 765
1737 5123 8178319 1 1470 620 768
1682 4886 8178329 1 1480 600 768
1669 4777 8178339 1 1470 590 768
1689 4740 8178349 1 1460 580 773
1730 4752 8178359 1 1460 570 784
1808 4804 8178369 1 1460 570 785
1939 4932 8178379 1 1430 570 788
2104 5110 8178389 1 1430 570 791
2282 5291 8178399 1 1420 580 796
2432 5460 8178409 1 1410 590 787
2562 5573 8178419 1 1390 580 783
2655 5652 8178429 1 1380 590 782
2700 5675 8178439 1 1380 590 760
2712 5641 8178449 1 1360 600 739
2681 5569 8178459 1 1350 590 702
2598 5366 8178469 1 1350 590 653
2481 5088 8178479 1 1340 600 638
2351 4760 8178489 1 1340 600 646
2199 4450 8178499 1 1340 600 667
2032 4135 8178509 1 1340 600 684
1882 3859 8178519 1 1320 590 707
1750 3610 8178529 1 1320 590 730
1630 3441 8178539 1 1320 590 728
1567 3349 8178549 1 1310 600 720
1562 3308 8178559 1 1290 590 720
1596 3325 8178569 1 1290 590 725
1707 3430 8178579 1 1290 590 733
1859 3595 8178589 1 1290 590 731
2038 3870 8178599 1 1290 590 740
2244 4185 8178609 1 1290 590 751
2430 4528 8178619 1 1280 590 754
2603 4867 8178629 1 1280 590 794
2746 5201 8178639 1 1280 590 811
2843 5499 8178649 1 1280 590 826
2910 5774 8178659 1 1280 590 824
2950 5996 8178669 1 1280 590 866
2965 6144 8178679 1 1290 590 876
2965 6243 8178689 1 1310 600 900
2942 6283 8178699 1 1320 590 896
2915 6301 8178709 1 1340 580 902
2883 6301 8178719 1 1340 580 899
2849 6293 8178729 1 1350 580 896
2808 6253 8178739 1 1360 570 909
2761 6195 8178749 1 1380 570 908
2697 6087 8178759 1 1390 570 905
2623 5923 8178769 1 1400 560 906
2541 5723 8178779 1 1400 560 900
2466 5459 8178789 1 1410 560 921
2390 5072 8178799 1 1410 560 952
2312 4602 8178809 1 1430 550 985
2241 4087 8178819 1 1430 550 1008
2198 3655 8178829 1 1430 550 1023
2173 3278 8178839 1 1400 550 1023
2198 3033 8178849 1 1400 550 1023
2252 2864 8178859 1 1390 560 1023
2325 2745 8178869 1 1390 560 1023
2423 2678 8178879 1 1380 570 1023
2559 2673 8178889 1 1360 570 1023
2720 2710 8178899 1 1350 570 1023
2886 2848 8178909 1 1340 570 1023
3074 3067 8178919 1 1320 580 1023
3277 3341 8178929 1 1310 580 1023
3484 3648 8178939 1 1290 590 1023
3698 4069 8178949 1 1280 590 1023
3900 4565 8178959 1 1280 590 986
4091 5104 8178969 1 1250 590 992
4290 5599 8178979 1 1250 590 997
4446 6065 8178989 1 1250 590 989
4573 6389 8178999 1 1250 590 986
4690 6655 8179009 1 1270 590 980
4788 6883 8179019 1 1270 590 982
4874 7030 8179029 1 1270 590 991
4907 7095 8179039 1 1280 580 989
4907 7106 8179049 1 1300 580 980
4892 7094 8179059 1 1310 570 976
4854 7008 8179069 1 1320 570 970
4778 6872 8179079 1 1340 560 977
4676 6618 8179089 1 1350 550 982
4570 6230 8179099 1 1360 550 977
4471 5754 8179109 1 1360 550 1023
4396 5220 8179119 1 1360 550 1023
4334 4722 8179129 1 1370 540 1023
4312 4249 8179139 1 1360 550 1023
4318 3960 8179140 1 1360 550 1023
4343 3780 8179150 1 1360 550 1023
4387 3674 8179160 1 1350 550 1023
4431 3624 8179170 1 1340 560 1023
4476 3639 8179180 1 1340 560 1023
4527 3698 8179190 1 1310 560 1023
4583 3893 8179200 1 1280 570 1023
4648 4151 8179210 1 1270 570 1023
4707 4452 8179220 1 1230 580 992
4761 4872 8179230 1 1230 580 894
4822 5394 8179240 1 1210 580 897
4938 5984 8179250 1 1200 580 909
5091 6469 8179260 1 1200 580 906
5306 6823 8179270 1 1200 580 936
5533 7091 8179280 1 1210 580 943
5768 7263 8179290 1 1210 580 956
5967 7435 8179300 1 1230 590 988
6122 7487 8179310 1 1240 580 1000
6247 7460 8179320 1 1260 580 1023
6358 7344 8179330 1 1280 580 1023
6419 7155 8179340 1 1300 580 1023
6446 6917 8179350 1 1320 580 1023
6414 6683 8179360 1 1340 570 1023
6343 6496 8179370 1 1350 580 1023
6247 6341 8179380 1 1360 570 1023
6131 6211 8179390 1 1380 570 1023
6012 6127 8179400 1 1380 570 1023
5890 6074 8179410 1 1390 560 1023
5769 6091 8179420 1 1390 560 993
5656 6172 8179430 1 1390 560 974
5589 6296 8179440 1 1390 560 979
5551 6432 8179450 1 1400 550 992
5569 6545 8179460 1 1400 550 993
5628 6620 8179470 1 1400 550 1023
5715 6678 8179480 1 1390 560 1023
5864 6717 8179490 1 1390 560 1023
6015 6693 8179500 1 1390 560 1023
6166 6627 8179510 1 1390 560 1023
6334 6522 8179520 1 1380 550 1023
6493 6410 8179530 1 1380 550 1023
6652 6294 8179540 1 1380 550 1023
6813 6196 8179550 1 1390 560 1023
6932 6138 8179560 1 1390 560 1023
6989 6106 8179570 1 1380 570 1023
7005 6084 8179580 1 1390 570 1023
6988 6061 8179590 1 1390 570 1023
6896 6008 8179600 1 1400 580 953
6753 5935 8179610 1 1400 580 915
6573 5838 8179621 1 1420 580 884
6374 5709 8179631 1 1420 580 853
6162 5558 8179641 1 1410 590 857
5967 5380 8179651 1 1410 590 861
5803 5248 8179661 1 1410 590 872
5659 5148 8179671 1 1410 590 887
5614 5117 8179681 1 1410 590 882
5607 5117 8179691 1 1390 600 888
5625 5133 8179701 1 1390 600 892
5703 5222 8179711 1 1380 590 936
5826 5348 8179721 1 1360 600 959
5978 5498 8179731 1 1360 600 986
6117 5610 8179741 1 1350 590 985
6249 5665 8179751 1 1340 600 982
6340 5683 8179761 1 1320 590 982
6405 5626 8179771 1 1310 600 980
6432 5461 8179781 1 1310 600 968
6409 5223 8179791 1 1290 590 953
6352 4931 8179801 1 1290 590 943
6261 4628 8179811 1 1280 590 921
6168 4319 8179821 1 1280 590 939
6074 4105 8179831 1 1280 590 944
6022 3975 8179841 1 1280 610 936
6001 3900 8179851 1 1280 610 921
6001 3889 8179861 1 1280 610 920
6015 3950 8179871 1 1280 610 914
6052 4059 8179881 1 1260 610 909
6103 4292 8179891 1 1260 610 905
6157 4596 8179901 1 1260 610 872
6216 4947 8179911 1 1260 610 872
6282 5349 8179921 1 1260 610 873
6349 5691 8179931 1 1260 610 882
6407 5992 8179941 1 1260 610 890
6459 6197 8179951 1 1260 610 899
6488 6334 8179961 1 1260 610 906
6498 6425 8179971 1 1280 610 909
6498 6452 8179981 1 1290 600 911
6477 6441 8179991 1 1280 590 920
6436 6406 8180001 1 1290 590 947
6379 6237 8180011 1 1290 590 964
6308 5891 8180021 1 1310 580 984
6256 5427 8180031 1 1310 580 1023
6217 4865 8180041 1 1310 580 1023
6186 4236 8180051 1 1320 580 1023
6186 3563 8180061 1 1320 580 1023
6205 3023 8180071 1 1320 580 1023
6171 2717 8180081 1 1310 580 1023
6171 2566 8180091 1 1290 590 1023
6194 2495 8180101 1 1280 590 1023
6237 2484 8180111 1 1250 600 1023
6295 2514 8180121 1 1230 610 1023
6363 2641 8180131 1 1200 620 1023
6435 2883 8180141 1 1180 620 1023
6512 3203 8180151 1 1160 630 1023
6635 3531 8180161 1 1130 630 1023
6787 3939 8180171 1 1110 640 1023
6988 4401 8180181 1 1070 640 1023
7238 4939 8180191 1 1050 640 1021
7520 5551 8180201 1 1020 630 1011
7883 6212 8180211 1 1030 640 1009
8241 6848 8180221 1 1030 640 1018
8596 7313 8180231 1 1030 640 1014
8902 7664 8180241 1 1050 650 1014
9152 7934 8180251 1 1080 650 1023
9365 8140 8180261 1 1120 640 1023
9568 8303 8180271 1 1170 650 1023
9708 8425 8180281 1 1190 640 1023
9806 8493 8180291 1 1240 640 1023
9841 8525 8180301 1 1250 640 1023
9841 8518 8180311 1 1300 630 1023
9829 8445 8180321 1 1330 620 1023
9760 8328 8180331 1 1370 620 1023
9639 8086 8180341 1 1400 620 1023
9483 7754 8180351 1 1430 620 1023
9281 7363 8180361 1 1440 610 1023
9059 6902 8180371 1 1480 600 1023
8824 6431 8180381 1 1480 600 1023
8618 5954 8180391 1 1480 600 1023
8480 5585 8180401 1 1480 600 1023
8386 5341 8180411 1 1470 610 1023
8334 5181 8180421 1 1470 610 1023
8334 5101 8180431 1 1460 620 1023
8359 5085 8180441 1 1460 620 1023
8426 5111 8180451 1 1440 620 1023
8548 5227 8180461 1 1430 630 1023
8707 5437 8180471 1 1410 640 1023
8907 5709 8180481 1 1410 640 1023
9110 6040 8180491 1 1380 640 1023
9280 6339 8180501 1 1370 650 1023
9427 6617 8180511 1 1370 650 1023
9536 6785 8180521 1 1350 650 1023
9601 6906 8180531 1 1350 650 1023
9636 6997 8180541 1 1350 650 1023
9636 7046 8180551 1 1330 650 1023
9597 7090 8180561 1 1350 650 1023
9539 7123 8180571 1 1370 650 1023
9483 7144 8180581 1 1370 650 1023
9427 7157 8180591 1 1380 640 1017
9376 7168 8180601 1 1380 640 1014
9329 7179 8180611 1 1400 630 1012
9298 7191 8180621 1 1410 630 1014
9277 7204 8180631 1 1410 630 1014
9263 7217 8180641 1 1430 620 1012
9249 7230 8180651 1 1460 620 1012
9236 7241 8180661 1 1460 620 1014
9223 7251 8180671 1 1470 610 1014
9209 7251 8180681 1 1470 610 1014
9195 7224 8180691 1 1470 610 1023
9166 7170 8180701 1 1480 600 1023
9128 6967 8180711 1 1480 600 1023
9079 6611 8180721 1 1480 600 1023
9000 6154 8180731 1 1470 610 1023
8901 5576 8180741 1 1470 610 1023
8798 5006 8180751 1 1460 620 1023
8707 4441 8180761 1 1440 620 1023
8624 4111 8180771 1 1440 620 1023
8589 3847 8180781 1 1400 630 1023
8558 3627 8180791 1 1380 640 1023
8552 3591 8180801 1 1350 650 1023
8562 3591 8180811 1 1330 660 1023
8546 3618 8180821 1 1300 660 1023
8495 3728 8180831 1 1260 670 999
8421 3893 8180841 1 1240 670 997
8331 4094 8180851 1 1220 680 995
8267 4215 8180861 1 1160 680 981
8221 4222 8180871 1 1140 680 1023
8183 4153 8180881 1 1110 690 1023
8152 4032 8180891 1 1080 680 1023
8133 3875 8180901 1 1080 680 1023
8121 3693 8180911 1 1050 680 1023
8116 3567 8180921 1 1050 680 1023
8116 3493 8180931 1 1050 680 1023
8125 3454 8180941 1 1050 680 1023
8159 3446 8180951 1 1050 680 1023
8210 3497 8180961 1 1050 680 1023
8320 3588 8180971 1 1050 680 1023
8460 3787 8180981 1 1050 680 1023
8621 4041 8180991 1 1050 680 1023
8814 4332 8181001 1 1050 680 1023
9031 4621 8181011 1 1050 680 1023
9263 4832 8181021 1 1050 680 1023
9502 4990 8181031 1 1060 690 1023
9717 5065 8181041 1 1060 690 1023
9915 5051 8181051 1 1060 690 1023
10050 4979 8181061 1 1060 690 1023
10115 4831 8181071 1 1070 700 1023
10133 4651 8181081 1 1070 700 1023
10124 4449 8181091 1 1070 700 1023
10067 4288 8181101 1 1100 700 1023
9977 4183 8181111 1 1110 710 1023
9888 4116 8181121 1 1110 710 1023
9810 4101 8181131 1 1130 710 1023
9745 4129 8181141 1 1130 710 690
