185
2520 5045 52520880 0 1270 460 178
2520 5045 52520890 1 1280 470 301
2520 5045 52520900 1 1280 470 367
2432 5107 52520910 1 1270 480 384
2432 5107 52520920 1 1270 480 393
2473 5119 52520930 1 1270 480 407
2574 5143 52520940 1 1300 480 443
2717 5176 52520950 1 1300 480 455
2858 5204 52520960 1 1300 480 463
3034 5235 52520970 1 1310 480 460
3234 5274 52520980 1 1310 480 422
3427 5319 52520990 1 1330 480 276
3278 5958 52521101 0 1350 470 393
3278 5958 52521111 1 1350 470 402
3202 5925 52521121 1 1360 470 409
3193 5925 52521131 1 1360 470 463
3193 5764 52521141 1 1370 460 522
3193 5540 52521151 1 1370 460 570
3173 5271 52521161 1 1370 460 616
3145 4924 52521171 1 1370 460 641
3124 4521 52521181 1 1380 470 653
3116 4081 52521191 1 1370 470 650
3116 3604 52521201 1 1360 480 646
3130 3217 52521211 1 1360 480 617
3138 2891 52521221 1 1340 490 584
3138 2678 52521231 1 1330 500 522
3159 2585 52521241 1 1300 510 388
3174 2571 52521251 1 1290 510 134
2820 4548 52521361 0 1160 520 464
2953 4683 52521371 1 1150 510 474
2911 4699 52521381 1 1170 510 464
2794 4598 52521391 1 1180 510 464
2700 4419 52521401 1 1180 510 465
2564 4180 52521411 1 1190 500 468
2399 3934 52521421 1 1200 500 440
2263 3683 52521431 1 1190 490 366
2203 3586 52521441 1 1190 490 188
2563 4495 52521501 0 1220 500 42
2821 4801 52521511 1 1230 510 78
2882 4899 52521521 1 1230 510 153
2927 4941 52521531 1 1230 510 253
2962 4950 52521541 1 1230 510 307
3019 4936 52521551 1 1250 510 374
3113 4926 52521561 1 1250 510 415
3231 4890 52521571 1 1250 510 431
3372 4837 52521581 1 1260 500 430
3505 4738 52521591 1 1260 500 400
3632 4616 52521601 1 1260 500 103
4466 5421 52521772 0 1250 500 624
4466 5338 52521782 1 1250 500 522
4362 5318 52521792 1 1260 490 524
4281 5358 52521802 1 1270 490 518
4218 5397 52521812 1 1280 480 524
4218 5397 52521822 1 1310 470 527
4366 5379 52521832 1 1310 470 533
4518 5365 52521842 1 1310 470 533
4705 5365 52521852 1 1320 470 532
4892 5380 52521862 1 1320 470 530
5073 5418 52521872 1 1320 470 509
5250 5476 52521882 1 1320 470 381
5429 5548 52521892 1 1330 470 104
5108 6293 52521992 0 1350 500 414
5108 6293 52522002 1 1350 500 438
4991 6216 52522012 1 1360 490 440
4955 6243 52522022 1 1360 490 491
4955 6091 52522032 1 1370 480 551
4940 5847 52522042 1 1370 480 619
4904 5541 52522052 1 1370 480 673
4855 5136 52522062 1 1380 480 693
4801 4651 52522072 1 1380 480 694
4742 4114 52522082 1 1370 480 699
4679 3579 52522092 1 1370 480 700
4653 3184 52522102 1 1360 490 659
4663 2883 52522112 1 1350 500 586
4698 2729 52522122 1 1340 500 460
4742 2711 52522132 1 1330 510 255
4563 4509 52522232 0 1190 530 414
4563 4509 52522242 1 1190 530 425
4426 4501 52522252 1 1190 530 430
4317 4433 52522262 1 1180 530 433
4194 4308 52522272 1 1200 520 435
4049 4148 52522282 1 1210 520 431
3894 3966 52522292 1 1210 510 423
3780 3810 52522302 1 1210 510 253
4562 4828 52522393 0 1230 490 369
4847 4909 52522403 1 1230 490 387
4885 4918 52522413 1 1240 490 415
4969 4883 52522423 1 1240 490 468
5084 4812 52522433 1 1250 500 489
5225 4718 52522443 1 1250 500 502
5381 4626 52522453 1 1250 500 491
5548 4513 52522463 1 1260 500 381
7159 5712 52522773 0 1380 510 322
7159 5712 52522783 1 1410 500 387
7159 5712 52522793 1 1440 480 412
7061 5760 52522803 1 1450 460 417
7068 5734 52522813 1 1440 470 428
7104 5643 52522823 1 1440 470 435
7137 5508 52522833 1 1430 460 443
7176 5334 52522843 1 1420 470 435
7219 5157 52522863 1 1420 470 325
6988 4024 52522963 0 1340 490 502
6839 3671 52522973 1 1320 490 519
6691 3590 52522983 1 1300 500 527
6605 3536 52522993 1 1300 500 535
6559 3511 52523003 1 1280 490 533
6564 3506 52523013 1 1270 500 543
6572 3517 52523023 1 1270 500 546
6624 3577 52523033 1 1260 500 554
6705 3671 52523043 1 1250 500 550
6858 3838 52523053 1 1250 500 546
7014 4000 52523063 1 1250 500 475
7210 4158 52523073 1 1260 500 191
7744 5647 52523224 0 1330 480 428
7719 5522 52523234 1 1340 480 444
7680 5522 52523244 1 1350 470 440
7641 5388 52523254 1 1360 470 443
7601 5173 52523264 1 1370 460 439
7595 5001 52523274 1 1380 470 382
7595 4850 52523284 1 1380 470 215
7772 5116 52523384 0 1380 500 348
7816 5312 52523394 1 1370 500 393
7834 5406 52523404 1 1360 500 417
7890 5498 52523414 1 1370 510 425
7987 5548 52523424 1 1370 510 464
8111 5596 52523434 1 1370 510 550
8290 5638 52523444 1 1380 510 627
8502 5678 52523454 1 1380 510 673
8736 5710 52523464 1 1380 510 724
8978 5724 52523474 1 1400 520 751
9201 5724 52523484 1 1400 520 783
9410 5701 52523494 1 1420 520 818
9632 5672 52523504 1 1410 520 827
9825 5636 52523514 1 1420 530 817
9999 5594 52523524 1 1430 530 819
10100 5544 52523534 1 1450 540 821
10158 5484 52523544 1 1460 540 827
10186 5416 52523554 1 1470 550 834
10186 5323 52523564 1 1490 550 831
10154 5214 52523574 1 1490 560 833
10104 5114 52523584 1 1510 560 833
10027 5011 52523594 1 1520 570 832
9909 4887 52523604 1 1520 570 787
9763 4749 52523614 1 1540 570 721
9615 4641 52523624 1 1550 580 605
9465 4541 52523634 1 1550 580 402
7935 4148 52523725 0 1500 570 444
7784 4074 52523735 1 1480 570 499
7734 4152 52523745 1 1470 560 513
7728 4182 52523755 1 1440 560 524
7751 4182 52523765 1 1410 550 572
7856 4239 52523775 1 1400 540 643
8005 4316 52523785 1 1400 540 700
8182 4405 52523795 1 1400 540 746
8416 4472 52523805 1 1390 540 762
8679 4522 52523815 1 1390 540 785
8960 4560 52523825 1 1390 540 793
9201 4583 52523835 1 1390 540 791
9410 4589 52523845 1 1370 540 771
9597 4584 52523855 1 1370 540 703
9723 4584 52523865 1 1390 550 550
9797 4595 52523875 1 1400 550 184
8972 6893 52524025 0 1450 510 396
8972 6893 52524035 1 1460 500 405
8972 6893 52524045 1 1460 490 433
8870 6887 52524055 1 1460 480 488
8823 6778 52524065 1 1470 460 567
8770 6583 52524075 1 1470 450 639
8735 6307 52524085 1 1470 450 702
8675 5977 52524095 1 1470 440 763
8597 5588 52524105 1 1460 440 788
8540 5128 52524115 1 1470 450 817
8485 4621 52524125 1 1470 450 839
8433 4138 52524135 1 1450 460 852
8394 3653 52524145 1 1450 470 857
8364 3277 52524155 1 1450 480 870
8352 2974 52524165 1 1430 500 879
8361 2669 52524175 1 1420 520 882
8384 2442 52524185 1 1400 530 882
8403 2268 52524195 1 1370 540 872
8416 2121 52524205 1 1360 560 857
8426 2067 52524215 1 1340 570 818
8426 2075 52524225 1 1310 580 758
8426 2091 52524235 1 1280 590 630
8410 2165 52524245 1 1260 600 391
