177
1448 7019 75790561 0 1240 430 312
1437 6953 75790571 1 1250 440 322
1406 6941 75790581 1 1240 460 304
1354 6857 75790591 1 1260 470 309
1364 6726 75790601 1 1270 490 322
1376 6521 75790611 1 1270 500 362
1389 6261 75790621 1 1270 510 453
1399 5965 75790631 1 1270 510 497
1407 5575 75790641 1 1270 510 533
1424 5153 75790651 1 1260 510 565
1442 4709 75790661 1 1240 520 588
1471 4339 75790671 1 1230 520 620
1507 3964 75790681 1 1210 530 636
1536 3726 75790691 1 1180 540 662
1567 3580 75790701 1 1170 540 666
1597 3496 75790711 1 1120 550 669
1613 3468 75790721 1 1110 550 675
1619 3478 75790731 1 1090 570 676
1619 3520 75790741 1 1070 570 664
1596 3667 75790751 1 1040 570 645
1566 3885 75790761 1 1030 580 617
1543 4186 75790771 1 1020 580 611
1525 4545 75790781 1 1000 590 597
1541 4942 75790791 1 980 590 595
1577 5329 75790801 1 990 600 574
1654 5669 75790811 1 990 600 536
1746 5979 75790821 1 1000 600 507
1847 6189 75790831 1 1020 600 496
1966 6358 75790841 1 1040 600 499
2097 6499 75790851 1 1080 600 491
2236 6570 75790861 1 1100 600 499
2350 6562 75790871 1 1130 600 522
2451 6501 75790881 1 1150 600 550
2543 6364 75790891 1 1180 590 595
2621 6193 75790901 1 1200 580 624
2663 5999 75790911 1 1210 580 665
2682 5791 75790921 1 1230 580 687
2661 5600 75790931 1 1270 570 699
2603 5424 75790941 1 1280 570 700
2520 5253 75790951 1 1280 570 702
2416 5104 75790961 1 1300 560 694
2284 4985 75790971 1 1280 570 699
2132 4887 75790981 1 1280 570 700
1975 4862 75790991 1 1270 560 707
1849 4888 75791001 1 1260 570 720
1743 4948 75791011 1 1260 570 748
1667 4989 75791021 1 1260 570 758
1644 5002 75791031 1 1240 570 752
1656 4996 75791041 1 1240 570 755
1708 4983 75791051 1 1240 570 757
1804 4901 75791061 1 1230 580 761
1930 4772 75791071 1 1230 580 753
2103 4604 75791081 1 1210 580 768
2293 4383 75791091 1 1210 580 771
2494 4126 75791101 1 1200 580 777
2709 3926 75791111 1 1200 580 787
2924 3804 75791121 1 1200 580 793
3161 3735 75791131 1 1200 580 793
3413 3740 75791141 1 1180 590 784
3636 3811 75791151 1 1180 590 779
3832 3926 75791161 1 1180 590 780
4009 4056 75791171 1 1170 590 782
4147 4204 75791181 1 1170 590 773
4245 4364 75791191 1 1160 580 763
4315 4484 75791201 1 1160 580 754
4355 4542 75791211 1 1140 590 722
4365 4558 75791221 1 1130 580 724
4356 4553 75791231 1 1130 580 722
4333 4495 75791241 1 1130 580 727
4302 4401 75791251 1 1130 570 730
4266 4257 75791261 1 1140 570 761
4248 4099 75791271 1 1140 570 768
4259 3932 75791281 1 1140 570 779
4290 3777 75791291 1 1130 560 771
4358 3668 75791301 1 1150 550 777
4445 3589 75791311 1 1150 550 777
4545 3574 75791321 1 1150 550 773
4653 3619 75791331 1 1150 550 773
4764 3703 75791341 1 1140 550 770
4840 3827 75791351 1 1150 550 768
4892 3957 75791361 1 1150 550 751
4908 4091 75791371 1 1150 550 725
4893 4242 75791381 1 1160 560 733
4858 4360 75791391 1 1160 560 720
4802 4457 75791401 1 1160 560 733
4725 4493 75791411 1 1160 560 740
4635 4500 75791421 1 1160 560 750
4585 4488 75791431 1 1160 560 754
4574 4478 75791441 1 1160 560 762
4590 4463 75791451 1 1160 550 779
4658 4425 75791461 1 1160 550 785
4774 4372 75791471 1 1170 560 791
4923 4353 75791481 1 1170 560 791
5119 4375 75791491 1 1180 560 794
5341 4424 75791501 1 1180 560 793
5581 4528 75791511 1 1180 560 782
5820 4672 75791521 1 1180 560 760
6016 4843 75791531 1 1190 560 743
6182 5032 75791532 1 1190 560 724
6330 5221 75791542 1 1210 560 691
6430 5416 75791552 1 1210 560 656
6499 5615 75791562 1 1210 560 639
6525 5779 75791572 1 1220 570 636
6517 5875 75791582 1 1220 570 641
6486 5925 75791592 1 1220 570 646
6434 5882 75791602 1 1230 560 685
6376 5765 75791612 1 1230 560 728
6313 5599 75791622 1 1230 560 754
6270 5342 75791632 1 1250 560 791
6242 5088 75791642 1 1250 560 817
6225 4835 75791652 1 1250 560 821
6220 4565 75791662 1 1250 560 845
6220 4312 75791672 1 1250 560 848
6236 4070 75791682 1 1250 560 851
6262 3899 75791692 1 1250 560 849
6306 3809 75791702 1 1250 560 846
6351 3774 75791712 1 1230 560 852
6397 3800 75791722 1 1230 560 848
6458 3893 75791732 1 1230 560 837
6539 4030 75791742 1 1220 570 824
6633 4197 75791752 1 1220 570 817
6759 4332 75791762 1 1210 580 829
6899 4446 75791772 1 1210 580 830
7047 4491 75791782 1 1200 580 830
7185 4491 75791792 1 1200 580 830
7298 4454 75791802 1 1200 580 817
7395 4384 75791812 1 1200 580 819
7450 4297 75791822 1 1200 580 825
7472 4198 75791832 1 1200 580 845
7472 4096 75791842 1 1200 580 855
7451 3997 75791852 1 1200 580 873
7428 3910 75791862 1 1210 590 878
7402 3830 75791872 1 1210 590 875
7396 3773 75791882 1 1210 590 867
7413 3752 75791892 1 1210 590 864
7445 3752 75791902 1 1240 600 827
7505 3792 75791912 1 1240 600 821
7610 3880 75791922 1 1240 600 817
7745 4003 75791932 1 1240 600 817
7938 4124 75791942 1 1240 600 824
8117 4192 75791952 1 1240 600 821
8287 4224 75791962 1 1240 600 846
8473 4262 75791972 1 1240 600 861
8641 4246 75791982 1 1240 600 854
8796 4195 75791992 1 1250 600 861
8964 4145 75792002 1 1250 600 869
9099 4094 75792012 1 1250 600 884
9213 4041 75792022 1 1250 600 891
9322 3994 75792032 1 1250 600 888
9431 3963 75792042 1 1260 610 887
9539 3945 75792052 1 1260 610 855
9647 3958 75792062 1 1260 610 799
9776 4011 75792072 1 1260 610 760
9928 4090 75792082 1 1260 610 750
10096 4203 75792092 1 1270 620 765
10226 4269 75792102 1 1270 620 808
10340 4304 75792112 1 1270 620 857
10444 4265 75792122 1 1270 620 894
10533 4208 75792132 1 1290 630 900
10613 4139 75792142 1 1290 630 897
10686 4093 75792152 1 1290 630 870
10732 4063 75792162 1 1290 630 777
10752 4045 75792172 1 1290 630 613
10752 4065 75792182 1 1290 630 254
10078 4419 75792233 0 1300 630 85
9610 4584 75792243 1 1300 630 149
9393 4621 75792253 1 1300 630 141
9187 4638 75792263 1 1290 630 207
9027 4638 75792273 1 1290 630 275
8900 4620 75792283 1 1300 620 250
8796 4599 75792293 1 1300 620 242
8731 4577 75792303 1 1300 620 91
8047 4645 75792383 0 1290 600 711
7846 4632 75792393 1 1290 600 722
7750 4643 75792403 1 1290 600 724
7713 4631 75792413 1 1280 590 691
7713 4603 75792423 1 1280 590 469
