172
3183 5270 52449718 0 1340 510 143
3183 5270 52449728 1 1340 510 287
3038 5306 52449738 1 1340 500 358
3009 5339 52449748 1 1340 500 361
3018 5339 52449758 1 1350 500 377
3117 5357 52449768 1 1340 490 417
3277 5412 52449768 1 1340 490 452
3477 5489 52449778 1 1350 490 474
3709 5565 52449788 1 1340 490 474
3914 5625 52449798 1 1340 490 455
4101 5674 52449808 1 1350 500 359
4276 5715 52449818 1 1350 500 63
3873 6175 52449908 0 1370 480 369
3835 6091 52449918 1 1370 480 405
3835 6069 52449928 1 1380 480 412
3822 6096 52449938 1 1380 480 422
3840 5949 52449948 1 1390 470 466
3881 5710 52449958 1 1390 470 516
3887 5409 52449968 1 1390 470 561
3856 5032 52449978 1 1390 470 589
3800 4581 52449988 1 1390 470 600
3749 4080 52449998 1 1380 480 594
3749 3603 52450008 1 1380 480 559
3775 3303 52450018 1 1370 480 449
3848 3120 52450028 1 1360 490 239
3724 4924 52450139 0 1220 510 494
3767 5180 52450149 1 1220 510 520
3660 5224 52450159 1 1220 510 512
3578 5241 52450169 1 1220 510 513
3512 5124 52450179 1 1230 510 519
3401 4917 52450189 1 1240 500 524
3245 4657 52450199 1 1250 500 524
3060 4397 52450209 1 1250 500 490
2918 4137 52450219 1 1250 480 314
3482 5054 52450299 0 1290 490 306
3738 5067 52450309 1 1300 500 327
3798 5111 52450319 1 1300 500 418
3827 5119 52450329 1 1300 500 475
3981 5104 52450339 1 1300 500 499
4176 5104 52450349 1 1300 500 507
4398 5090 52450359 1 1320 500 448
4572 5061 52450369 1 1320 500 198
4670 5649 52450499 0 1370 500 619
4688 5511 52450509 1 1380 500 634
4632 5511 52450519 1 1380 500 625
4654 5534 52450529 1 1400 500 628
4728 5544 52450539 1 1410 490 630
4880 5544 52450549 1 1420 480 639
5030 5544 52450559 1 1420 480 641
5178 5588 52450569 1 1420 480 636
5335 5649 52450579 1 1430 490 603
5470 5723 52450589 1 1430 490 497
5590 5803 52450599 1 1430 490 292
5442 6461 52450679 0 1440 490 344
5362 6432 52450689 1 1440 490 366
5321 6392 52450700 1 1440 490 386
5321 6392 52450710 1 1440 490 443
5220 6183 52450720 1 1450 480 530
5153 5909 52450730 1 1450 480 591
5089 5573 52450740 1 1450 480 625
5031 5142 52450750 1 1450 480 647
5017 4655 52450760 1 1450 480 638
5030 4132 52450770 1 1440 490 636
5073 3674 52450780 1 1430 500 568
5134 3392 52450790 1 1420 500 450
5206 3228 52450800 1 1410 510 184
5121 4770 52450900 0 1270 550 488
5149 4875 52450910 1 1270 550 496
5063 4888 52450920 1 1270 550 492
4917 4845 52450930 1 1280 540 497
4815 4740 52450940 1 1290 530 509
4652 4593 52450950 1 1290 530 515
4448 4396 52450960 1 1300 530 517
4256 4239 52450970 1 1300 520 505
4155 4109 52450980 1 1320 510 389
4114 4073 52450990 1 1320 510 215
4956 5160 52451060 0 1320 500 369
5214 5261 52451070 1 1300 510 444
5236 5261 52451080 1 1300 510 512
5204 5232 52451090 1 1300 510 639
5267 5187 52451100 1 1300 510 705
5369 5102 52451110 1 1320 510 742
5497 4997 52451120 1 1320 510 758
5637 4878 52451130 1 1320 510 752
5777 4731 52451140 1 1330 520 670
5917 4609 52451150 1 1340 520 335
7450 5765 52451491 0 1520 530 559
7507 5926 52451501 1 1530 520 491
7473 5974 52451511 1 1540 520 526
7433 6039 52451521 1 1540 520 524
7389 6058 52451531 1 1540 520 526
7416 6046 52451541 1 1550 510 532
7457 6007 52451551 1 1530 510 532
7506 5963 52451561 1 1530 510 537
7550 5910 52451571 1 1520 510 530
7594 5843 52451581 1 1510 500 518
7632 5766 52451591 1 1510 500 436
7665 5672 52451601 1 1500 500 127
7578 4689 52451681 0 1420 490 404
7494 4331 52451691 1 1410 500 448
7403 4271 52451701 1 1400 510 473
7336 4282 52451711 1 1400 510 490
7306 4235 52451721 1 1380 510 483
7300 4212 52451731 1 1370 520 486
7316 4204 52451741 1 1370 520 496
7353 4204 52451751 1 1370 520 498
7404 4266 52451761 1 1370 520 488
7495 4367 52451771 1 1360 520 455
7616 4514 52451781 1 1360 520 361
8218 6030 52451881 0 1370 510 381
8256 5917 52451891 1 1370 510 379
8239 5876 52451901 1 1380 500 387
8179 5867 52451911 1 1400 510 396
8122 5721 52451921 1 1410 500 389
8090 5565 52451931 1 1420 490 394
8072 5403 52451941 1 1420 490 397
8052 5227 52451951 1 1420 490 396
8052 5105 52451961 1 1430 490 388
8064 5020 52451971 1 1430 490 373
8108 5003 52451981 1 1430 490 254
8167 5033 52451991 1 1440 490 54
8323 5341 52452041 0 1430 510 146
8289 5541 52452051 1 1440 510 255
8282 5644 52452061 1 1430 520 334
8335 5734 52452071 1 1430 520 399
8433 5811 52452081 1 1430 520 450
8561 5880 52452091 1 1430 520 509
8707 5933 52452101 1 1440 510 561
8858 5965 52452111 1 1440 510 619
9001 5982 52452121 1 1460 520 649
9137 5993 52452131 1 1470 510 679
9283 6004 52452141 1 1470 510 696
9448 6013 52452152 1 1490 510 727
9625 6007 52452162 1 1500 510 739
9778 5991 52452172 1 1500 510 755
9898 5964 52452182 1 1520 510 763
9995 5920 52452192 1 1520 510 757
10035 5865 52452202 1 1530 510 754
10044 5790 52452212 1 1550 500 757
10033 5713 52452222 1 1570 510 756
9992 5630 52452232 1 1560 510 751
9918 5541 52452242 1 1570 520 737
9822 5448 52452252 1 1580 520 670
9710 5345 52452262 1 1580 530 554
9590 5237 52452272 1 1590 530 396
9464 5138 52452282 1 1580 540 91
8124 4809 52452372 0 1540 550 449
8124 4809 52452382 1 1530 550 463
8031 4817 52452392 1 1510 540 464
8106 4839 52452402 1 1510 540 510
8260 4895 52452412 1 1500 540 561
8522 4973 52452422 1 1500 540 636
8799 5044 52452432 1 1500 540 670
9085 5110 52452442 1 1480 540 675
9333 5147 52452452 1 1480 540 670
9532 5168 52452462 1 1480 540 650
9697 5168 52452472 1 1480 540 452
9283 6952 52452632 0 1570 480 439
9363 7010 52452642 1 1580 460 466
9314 7113 52452652 1 1580 450 467
9225 7113 52452662 1 1570 450 485
9199 7042 52452672 1 1560 430 495
9156 6859 52452682 1 1560 430 548
9102 6576 52452692 1 1550 430 646
9030 6226 52452702 1 1560 420 696
8943 5707 52452712 1 1560 420 725
8845 5134 52452722 1 1550 430 728
8764 4525 52452732 1 1550 430 721
8738 4018 52452742 1 1540 440 730
8748 3625 52452752 1 1530 460 682
8801 3309 52452762 1 1520 480 556
8871 3029 52452772 1 1510 490 55
