228
3340 6271 201860 0 1490 560 294
3340 6271 201870 1 1490 560 306
3340 6271 201880 1 1480 560 334
3340 6271 201890 1 1480 560 387
3422 6308 201900 1 1480 560 423
3455 6353 201910 1 1480 560 449
3488 6413 201920 1 1480 560 466
3522 6482 201930 1 1480 560 474
3522 6482 201940 1 1480 560 467
3563 6613 201950 1 1480 560 480
3563 6668 201960 1 1470 560 494
3535 6716 201970 1 1470 560 516
3487 6746 201980 1 1470 560 562
3424 6765 201990 1 1470 560 584
3354 6765 202000 1 1470 560 592
3277 6721 202010 1 1470 560 610
3196 6658 202020 1 1470 560 645
3109 6549 202030 1 1470 560 658
3024 6412 202040 1 1470 560 670
2963 6256 202050 1 1470 560 691
2917 6130 202060 1 1480 570 697
2891 6032 202070 1 1480 570 702
2891 5953 202080 1 1480 570 705
2903 5902 202090 1 1490 560 705
2937 5871 202100 1 1490 560 705
2988 5853 202110 1 1490 560 705
3051 5868 202120 1 1490 560 708
3140 5923 202130 1 1490 560 702
3239 6004 202140 1 1490 560 700
3345 6102 202150 1 1490 560 691
3443 6213 202160 1 1490 560 682
3528 6334 202170 1 1490 560 684
3605 6448 202180 1 1490 560 687
3645 6514 202190 1 1490 560 699
3657 6549 202200 1 1500 550 694
3650 6549 202210 1 1500 550 697
3650 6542 202220 1 1500 550 694
3650 6542 202230 1 1500 550 703
3629 6483 202240 1 1500 550 722
3602 6369 202250 1 1500 550 727
3566 6217 202260 1 1500 550 749
3524 6056 202270 1 1500 550 753
3478 5869 202280 1 1490 560 768
3424 5664 202290 1 1490 560 785
3364 5496 202300 1 1490 560 814
3301 5321 202310 1 1480 570 822
3225 5141 202320 1 1480 570 833
3137 4980 202330 1 1480 570 837
3040 4815 202340 1 1470 580 840
2929 4682 202350 1 1470 580 852
2806 4573 202360 1 1440 580 860
2675 4484 202370 1 1430 590 866
2544 4428 202380 1 1430 590 858
2420 4394 202390 1 1420 590 860
2312 4394 202400 1 1420 590 861
2213 4433 202410 1 1390 600 854
2100 4489 202420 1 1380 600 845
1989 4579 202430 1 1380 600 817
1887 4686 202440 1 1360 610 754
1816 4804 202450 1 1360 610 647
1763 4909 202460 1 1360 610 420
4738 6060 202661 0 1450 540 312
4830 6095 202671 1 1450 540 320
4830 6168 202681 1 1450 540 340
4824 6210 202691 1 1470 530 334
4818 6269 202701 1 1480 540 361
4813 6340 202711 1 1500 540 399
4793 6415 202721 1 1500 540 409
4762 6488 202731 1 1510 540 415
4718 6556 202741 1 1510 540 436
4718 6556 202751 1 1510 540 461
4609 6638 202761 1 1510 540 472
4536 6638 202771 1 1510 540 488
4454 6618 202781 1 1510 540 527
4365 6576 202791 1 1510 540 589
4271 6490 202801 1 1510 540 627
4178 6364 202811 1 1510 540 675
4086 6212 202821 1 1510 540 694
4021 6057 202831 1 1510 540 705
3989 5924 202841 1 1510 540 708
3980 5805 202851 1 1490 550 717
4002 5745 202861 1 1490 550 716
4042 5707 202871 1 1470 550 722
4095 5684 202881 1 1460 550 716
4179 5698 202891 1 1460 550 690
4287 5761 202901 1 1440 560 672
4410 5856 202911 1 1440 560 659
4531 5978 202921 1 1440 560 643
4639 6095 202931 1 1440 560 641
4738 6204 202941 1 1450 560 649
4797 6275 202951 1 1450 560 670
4817 6321 202961 1 1450 560 666
4810 6321 202971 1 1450 560 666
4810 6315 202981 1 1470 560 693
4817 6272 202991 1 1470 560 714
4817 6202 203001 1 1470 560 731
4817 6090 203011 1 1470 560 725
4817 5978 203021 1 1470 560 736
4829 5866 203031 1 1480 560 740
4846 5783 203041 1 1490 560 749
4877 5718 203051 1 1490 560 754
4920 5676 203061 1 1490 560 758
4973 5656 203071 1 1490 560 761
5044 5656 203081 1 1490 560 761
5125 5683 203091 1 1490 560 743
5241 5759 203101 1 1480 570 728
5372 5866 203111 1 1480 570 691
5513 6011 203121 1 1480 570 667
5647 6165 203131 1 1480 570 645
5760 6325 203141 1 1480 570 647
5859 6496 203151 1 1500 570 668
5909 6609 203161 1 1500 570 690
5936 6684 203171 1 1500 570 733
5947 6710 203181 1 1510 580 728
5947 6715 203191 1 1510 580 730
5941 6706 203201 1 1530 580 730
5941 6701 203211 1 1530 580 739
5899 6639 203221 1 1550 580 751
5837 6538 203231 1 1550 580 751
5758 6388 203241 1 1560 570 780
5682 6234 203251 1 1560 570 783
5612 6073 203261 1 1560 570 797
5570 5908 203271 1 1570 560 799
5544 5770 203281 1 1560 570 802
5544 5690 203291 1 1560 570 802
5571 5650 203301 1 1560 570 802
5606 5616 203311 1 1550 580 790
5650 5605 203321 1 1550 580 780
5698 5610 203331 1 1550 580 749
5753 5641 203341 1 1530 580 685
5813 5695 203351 1 1530 580 591
5869 5764 203361 1 1530 580 420
5901 5842 203371 1 1510 580 132
5900 5993 203392 0 1510 580 89
5754 6060 203402 1 1510 580 172
5656 6082 203412 1 1510 580 221
5550 6099 203422 1 1510 580 287
5439 6113 203432 1 1500 570 382
5350 6123 203442 1 1510 580 478
5296 6130 203452 1 1520 570 546
5264 6136 203462 1 1520 570 605
5264 6136 203472 1 1530 560 613
5264 6142 203482 1 1530 560 646
5299 6142 203492 1 1530 560 696
5351 6161 203502 1 1540 550 727
5457 6185 203512 1 1540 550 720
5602 6225 203522 1 1530 550 720
5773 6263 203532 1 1530 540 728
5943 6301 203542 1 1530 540 669
6074 6311 203552 1 1530 540 556
6178 6303 203562 1 1530 540 359
6341 6198 203632 0 1560 550 291
6301 6095 203642 1 1560 550 386
6280 6065 203652 1 1560 550 465
6280 6054 203662 1 1560 550 507
6307 6014 203672 1 1560 550 550
6347 5983 203682 1 1580 550 616
6418 5983 203692 1 1580 550 655
6511 6003 203702 1 1580 550 661
6618 6053 203712 1 1580 550 661
6739 6118 203722 1 1580 550 659
6862 6193 203732 1 1580 550 656
6958 6277 203742 1 1580 550 649
7035 6360 203752 1 1580 550 638
7081 6442 203762 1 1590 550 647
7091 6500 203772 1 1590 550 639
7076 6542 203782 1 1590 550 641
7036 6574 203792 1 1600 550 638
6969 6580 203802 1 1600 560 649
6884 6542 203812 1 1600 560 658
6763 6475 203822 1 1600 560 667
6647 6376 203832 1 1600 560 690
6563 6279 203842 1 1600 560 725
6500 6183 203852 1 1600 560 750
6466 6091 203862 1 1600 560 776
6466 6001 203872 1 1600 560 796
6492 5912 203882 1 1600 560 785
6559 5842 203892 1 1600 560 796
6662 5811 203902 1 1600 560 796
6788 5805 203912 1 1580 560 790
6943 5850 203922 1 1570 570 790
7102 5922 203932 1 1570 570 754
7263 6013 203942 1 1560 570 731
7443 6117 203952 1 1560 570 699
7612 6223 203962 1 1560 570 673
7749 6330 203972 1 1560 570 663
7867 6448 203982 1 1570 580 664
7975 6563 203992 1 1570 580 667
8040 6677 204002 1 1580 580 673
8076 6742 204012 1 1580 580 696
8076 6775 204022 1 1600 580 702
8061 6786 204032 1 1610 590 707
8028 6779 204042 1 1610 590 724
7971 6737 204052 1 1630 590 746
7894 6673 204062 1 1630 590 754
7803 6579 204072 1 1650 590 771
7737 6483 204082 1 1650 590 784
7695 6385 204092 1 1650 580 796
7669 6301 204102 1 1650 580 790
7669 6226 204112 1 1650 580 797
7689 6165 204122 1 1650 580 812
7728 6106 204132 1 1650 580 820
7794 6049 204142 1 1650 580 827
7876 5993 204152 1 1650 580 821
7969 5942 204162 1 1650 580 833
8056 5894 204172 1 1650 580 845
8131 5841 204182 1 1650 580 846
8199 5791 204192 1 1650 580 849
8234 5744 204202 1 1650 590 860
8234 5699 204212 1 1650 590 860
8215 5650 204213 1 1640 600 887
8215 5650 204223 1 1640 600 897
8083 5542 204233 1 1630 610 921
7988 5490 204243 1 1630 610 945
7859 5443 204253 1 1630 620 944
7712 5403 204263 1 1630 620 958
7553 5367 204273 1 1620 630 965
7369 5328 204283 1 1620 630 973
7170 5289 204293 1 1610 640 980
6962 5249 204303 1 1610 640 992
6784 5215 204313 1 1580 640 992
6648 5186 204323 1 1580 640 997
6540 5172 204333 1 1560 640 992
6463 5172 204343 1 1540 640 980
6409 5172 204353 1 1550 630 943
6369 5187 204363 1 1540 630 893
6341 5200 204373 1 1540 630 757
6327 5212 204383 1 1520 620 358
