220
4235 5980 259693 0 1400 510 502
4376 5983 259703 1 1400 510 469
4356 6032 259713 1 1400 510 468
4368 6102 259723 1 1410 510 465
4385 6148 259733 1 1410 510 478
4412 6221 259743 1 1410 510 509
4441 6313 259753 1 1430 510 527
4454 6404 259763 1 1430 510 540
4454 6492 259773 1 1440 510 551
4454 6560 259783 1 1440 510 550
4426 6616 259793 1 1460 520 554
4391 6664 259803 1 1460 520 550
4337 6693 259813 1 1460 520 557
4268 6710 259823 1 1460 520 561
4190 6699 259833 1 1480 510 560
4101 6642 259843 1 1480 510 591
4007 6554 259853 1 1480 510 619
3909 6408 259863 1 1480 510 670
3812 6245 259873 1 1480 510 694
3720 6070 259883 1 1480 510 696
3664 5902 259893 1 1480 510 705
3631 5783 259903 1 1480 510 713
3660 5698 259913 1 1470 520 714
3721 5651 259923 1 1460 520 713
3802 5640 259933 1 1460 520 713
3898 5653 259943 1 1450 530 710
3999 5709 259953 1 1430 530 710
4108 5790 259963 1 1430 530 713
4212 5889 259973 1 1430 530 714
4281 5973 259983 1 1430 530 725
4329 6033 259993 1 1430 530 736
4346 6078 260003 1 1450 540 762
4346 6078 260013 1 1450 540 770
4340 6078 260023 1 1440 540 770
4340 6067 260033 1 1440 540 797
4340 5976 260043 1 1440 540 793
4308 5830 260053 1 1440 540 802
4267 5666 260063 1 1450 550 820
4220 5469 260073 1 1450 550 831
4158 5251 260083 1 1450 550 863
4086 5036 260093 1 1450 550 873
4001 4822 260103 1 1450 550 893
3904 4615 260113 1 1450 550 908
3799 4444 260123 1 1440 560 936
3665 4293 260133 1 1440 560 941
3523 4160 260143 1 1440 560 955
3376 4058 260153 1 1410 560 959
3217 3978 260163 1 1410 560 965
3049 3927 260173 1 1400 560 964
2875 3917 260183 1 1380 570 961
2728 3934 260193 1 1380 570 947
2581 3996 260203 1 1360 570 926
2435 4101 260213 1 1360 570 875
2325 4236 260223 1 1350 570 815
2265 4401 260233 1 1340 570 724
2239 4538 260243 1 1340 570 562
2276 4657 260253 1 1340 570 257
4945 5752 260424 0 1420 520 409
5052 5803 260434 1 1420 520 414
5071 5860 260444 1 1430 520 418
5059 5905 260454 1 1430 520 422
5041 5949 260464 1 1430 520 443
5047 6032 260474 1 1450 530 469
5070 6140 260484 1 1460 520 512
5070 6210 260494 1 1470 520 556
5046 6257 260504 1 1480 530 592
5016 6290 260514 1 1480 530 600
4973 6297 260524 1 1480 530 606
4906 6270 260534 1 1480 530 617
4824 6220 260544 1 1490 530 649
4714 6127 260554 1 1490 530 693
4610 6003 260564 1 1490 530 714
4540 5859 260574 1 1490 530 720
4490 5734 260584 1 1490 530 733
4480 5638 260594 1 1490 530 731
4497 5562 260604 1 1490 530 740
4531 5509 260614 1 1470 530 739
4589 5484 260624 1 1470 530 739
4677 5477 260634 1 1470 530 731
4785 5522 260644 1 1450 540 693
4904 5603 260654 1 1450 540 678
5023 5708 260664 1 1450 540 670
5121 5810 260674 1 1440 540 665
5206 5910 260684 1 1440 540 670
5236 5972 260694 1 1440 540 684
5236 6011 260704 1 1440 540 702
5224 6024 260714 1 1440 540 708
5216 6024 260724 1 1450 550 707
5216 6016 260734 1 1450 550 721
5206 5975 260744 1 1450 550 736
5193 5890 260754 1 1460 550 758
5193 5775 260764 1 1470 550 757
5193 5684 260774 1 1470 550 774
5203 5602 260784 1 1490 550 779
5235 5525 260794 1 1490 550 785
5280 5471 260804 1 1490 550 788
5351 5444 260814 1 1490 550 791
5427 5435 260824 1 1490 550 773
5534 5482 260834 1 1490 550 751
5660 5560 260844 1 1490 550 719
5812 5660 260854 1 1490 550 678
5941 5768 260864 1 1480 560 641
6055 5894 260874 1 1490 560 633
6147 6031 260884 1 1490 560 638
6216 6159 260894 1 1490 560 647
6270 6260 260904 1 1510 560 688
6302 6344 260914 1 1510 560 721
6313 6385 260924 1 1510 560 757
6313 6396 260934 1 1520 570 755
6313 6386 260944 1 1530 560 754
6313 6386 260954 1 1530 560 757
6293 6327 260964 1 1540 560 796
6266 6234 260974 1 1550 550 802
6225 6113 260984 1 1550 550 818
6188 5989 260994 1 1570 560 817
6156 5861 261004 1 1580 550 831
6124 5730 261014 1 1580 550 836
6111 5644 261024 1 1580 550 839
6119 5585 261034 1 1580 550 842
6142 5543 261044 1 1570 560 840
6181 5526 261054 1 1570 560 834
6237 5535 261064 1 1570 560 821
6304 5562 261074 1 1560 570 777
6380 5616 261084 1 1560 570 711
6451 5672 261094 1 1550 580 614
6497 5730 261104 1 1550 580 497
6528 5782 261114 1 1550 580 349
6528 5831 261124 1 1540 580 247
6484 5862 261134 1 1530 580 225
6416 5882 261144 1 1530 580 235
6321 5882 261154 1 1530 580 249
6215 5882 261164 1 1530 580 249
6102 5882 261174 1 1530 580 285
6002 5893 261184 1 1540 570 362
5929 5902 261194 1 1540 570 485
5874 5907 261204 1 1540 560 595
5853 5907 261214 1 1540 560 650
5853 5907 261224 1 1540 560 679
5863 5907 261234 1 1540 550 731
5906 5914 261244 1 1540 550 762
5988 5933 261254 1 1550 540 777
6095 5964 261264 1 1550 540 774
6239 6003 261274 1 1560 530 749
6387 6039 261284 1 1540 530 664
6497 6047 261294 1 1540 530 497
6580 6036 261304 1 1550 520 183
6608 5907 261365 0 1550 540 389
6596 5801 261375 1 1550 540 448
6590 5801 261385 1 1550 540 510
6601 5796 261395 1 1540 550 560
6635 5782 261405 1 1540 550 611
6683 5763 261415 1 1540 550 671
6761 5770 261425 1 1530 560 697
6865 5803 261435 1 1530 560 693
6986 5853 261445 1 1520 570 697
7093 5910 261455 1 1540 570 702
7190 5971 261465 1 1540 570 699
7281 6034 261475 1 1540 570 699
7359 6093 261485 1 1550 580 702
7409 6149 261495 1 1550 580 699
7439 6203 261505 1 1560 570 700
7439 6239 261515 1 1570 570 697
7408 6264 261525 1 1570 570 700
7361 6264 261535 1 1590 570 702
7276 6224 261545 1 1600 560 724
7178 6160 261555 1 1610 570 761
7072 6065 261565 1 1620 560 791
6998 5964 261575 1 1630 560 818
6950 5857 261585 1 1630 560 848
6918 5755 261595 1 1630 560 867
6918 5676 261605 1 1630 560 860
6958 5610 261615 1 1630 560 870
7014 5562 261625 1 1630 570 879
7102 5542 261635 1 1630 570 885
7224 5542 261646 1 1630 570 881
7369 5579 261656 1 1610 570 857
7542 5646 261666 1 1600 580 817
7720 5732 261676 1 1600 580 790
7905 5839 261686 1 1590 590 758
8050 5946 261696 1 1590 590 742
8166 6053 261706 1 1570 590 743
8249 6143 261716 1 1570 590 746
8299 6230 261726 1 1590 590 763
8328 6287 261736 1 1590 590 787
8328 6326 261746 1 1590 590 799
8323 6332 261756 1 1590 590 806
8308 6332 261766 1 1610 600 815
8288 6314 261776 1 1610 590 833
8252 6277 261786 1 1610 590 867
8205 6211 261796 1 1640 580 876
8169 6140 261806 1 1640 580 900
8138 6061 261816 1 1640 580 894
8131 5985 261826 1 1660 570 906
8139 5911 261836 1 1660 570 917
8175 5842 261846 1 1660 570 932
8238 5786 261856 1 1660 570 947
8318 5738 261866 1 1660 570 933
8414 5690 261876 1 1650 580 943
8505 5643 261886 1 1650 590 950
8592 5596 261896 1 1650 590 965
8658 5538 261906 1 1660 600 974
8705 5477 261916 1 1660 600 980
8739 5412 261926 1 1650 610 992
8747 5348 261936 1 1650 610 993
8726 5289 261946 1 1650 620 1023
8686 5234 261956 1 1650 620 1023
8623 5181 261966 1 1640 630 1023
8533 5135 261976 1 1640 630 1023
8424 5093 261986 1 1630 640 1023
8293 5062 261996 1 1630 640 1023
8156 5039 262006 1 1630 640 1023
8014 5021 262016 1 1630 640 1023
7885 5013 262026 1 1630 640 1023
7778 5013 262036 1 1630 640 1023
7685 5013 262046 1 1610 640 1023
7622 5034 262056 1 1610 640 1023
7577 5054 262066 1 1610 640 1023
7543 5075 262076 1 1590 640 944
7525 5088 262086 1 1590 640 736
7512 5098 262096 1 1600 630 96
