167
1503 5162 8759395 0 1220 500 272
1451 5209 8759405 1 1220 500 344
1425 5214 8759415 1 1220 500 364
1411 5222 8759425 1 1220 500 377
1417 5250 8759435 1 1220 500 404
1461 5291 8759445 1 1220 500 440
1529 5386 8759455 1 1220 500 473
1664 5498 8759465 1 1220 500 473
1804 5621 8759475 1 1220 500 473
1975 5731 8759485 1 1220 500 478
2164 5840 8759495 1 1230 510 485
2308 5900 8759505 1 1230 510 498
2423 5927 8759515 1 1260 510 492
2518 5918 8759525 1 1260 510 499
2585 5873 8759535 1 1260 510 502
2618 5804 8759545 1 1280 520 520
2628 5709 8759555 1 1280 520 522
2584 5575 8759565 1 1290 520 515
2503 5414 8759575 1 1290 520 516
2398 5227 8759585 1 1300 530 533
2277 5045 8759595 1 1300 530 550
2160 4867 8759605 1 1310 540 570
2045 4714 8759615 1 1330 530 585
1966 4617 8759625 1 1330 530 599
1928 4558 8759635 1 1330 530 589
1918 4558 8759645 1 1310 540 591
1939 4565 8759655 1 1310 540 591
2007 4587 8759665 1 1310 540 578
2107 4623 8759675 1 1300 540 569
2230 4658 8759685 1 1290 550 559
2356 4693 8759695 1 1270 550 550
2448 4693 8759705 1 1270 550 546
2515 4676 8759715 1 1270 550 537
2536 4624 8759725 1 1270 550 537
2494 4498 8759735 1 1270 550 545
2411 4324 8759745 1 1260 560 548
2298 4125 8759755 1 1260 560 566
2179 3927 8759765 1 1260 560 585
2057 3730 8759775 1 1260 560 603
2000 3631 8759785 1 1260 560 600
1988 3592 8759795 1 1260 560 591
2007 3592 8759805 1 1250 560 581
2087 3611 8759815 1 1250 560 570
2206 3643 8759825 1 1250 560 561
2350 3684 8759835 1 1250 560 566
2528 3706 8759845 1 1250 560 567
2706 3646 8759855 1 1250 560 581
2800 3531 8759865 1 1250 560 602
2837 3372 8759875 1 1250 560 619
2828 3165 8759885 1 1260 570 630
2774 2926 8759895 1 1240 570 636
2689 2658 8759905 1 1240 570 645
2572 2441 8759915 1 1240 570 641
2459 2257 8759925 1 1230 580 592
2396 2169 8759935 1 1230 580 444
2365 2218 8759945 1 1230 580 76
2508 3333 8759986 0 1220 570 81
2756 3942 8759996 1 1220 570 160
2886 4179 8760006 1 1220 570 206
3020 4422 8760016 1 1210 560 281
3187 4627 8760026 1 1220 560 351
3375 4808 8760036 1 1220 560 388
3570 4998 8760046 1 1220 560 404
3773 5179 8760056 1 1230 550 407
3981 5305 8760066 1 1230 550 409
4146 5398 8760076 1 1240 540 397
4261 5420 8760086 1 1250 540 381
4343 5349 8760096 1 1250 540 366
4352 5215 8760106 1 1250 540 334
4283 5000 8760116 1 1270 530 320
4162 4708 8760126 1 1270 530 324
3989 4366 8760136 1 1270 530 348
3804 3983 8760146 1 1280 530 414
3610 3654 8760156 1 1280 530 504
3472 3361 8760166 1 1270 530 556
3406 3174 8760176 1 1270 530 557
3389 3090 8760186 1 1270 530 568
3424 3076 8760196 1 1250 540 570
3513 3132 8760206 1 1250 540 562
3639 3276 8760216 1 1240 540 546
3798 3480 8760226 1 1240 540 545
3953 3704 8760236 1 1230 550 539
4105 3985 8760246 1 1220 540 542
4273 4305 8760256 1 1220 540 546
4420 4620 8760266 1 1220 540 521
4553 4935 8760276 1 1220 540 522
4658 5180 8760286 1 1220 540 512
4709 5380 8760296 1 1220 540 516
4724 5473 8760306 1 1230 530 522
4669 5479 8760316 1 1230 530 526
4563 5428 8760326 1 1240 530 543
4423 5267 8760336 1 1240 530 554
4258 5008 8760346 1 1250 530 583
4087 4683 8760356 1 1250 530 625
3913 4255 8760366 1 1250 530 667
3790 3780 8760376 1 1270 520 690
3749 3274 8760386 1 1270 520 700
3763 2851 8760396 1 1270 520 690
3836 2582 8760406 1 1250 530 696
3962 2417 8760406 1 1250 530 699
4123 2390 8760416 1 1250 530 707
4320 2435 8760426 1 1240 530 690
4478 2527 8760436 1 1240 530 691
4609 2705 8760446 1 1230 530 676
4714 2955 8760456 1 1220 540 649
4776 3254 8760466 1 1210 550 617
4809 3536 8760476 1 1210 550 581
4788 3769 8760486 1 1200 550 586
4718 3969 8760496 1 1180 560 605
4614 4003 8760506 1 1180 560 650
4486 3958 8760516 1 1180 560 717
4391 3861 8760526 1 1180 560 761
4317 3704 8760536 1 1180 560 767
4359 3541 8760546 1 1180 560 771
4489 3354 8760556 1 1180 560 770
4678 3152 8760566 1 1180 560 763
4916 2985 8760576 1 1210 560 751
5152 2849 8760586 1 1210 560 725
5386 2735 8760597 1 1210 560 652
5612 2631 8760607 1 1220 570 513
5841 2568 8760617 1 1220 570 156
6400 4175 8760787 0 1220 560 465
6184 4273 8760797 1 1240 550 480
6110 4391 8760807 1 1250 550 478
6057 4533 8760817 1 1250 540 478
6089 4578 8760827 1 1270 530 475
6178 4632 8760837 1 1270 530 475
6305 4692 8760847 1 1280 530 477
6478 4733 8760857 1 1280 530 480
6679 4776 8760867 1 1290 530 492
6899 4821 8760877 1 1300 540 516
7103 4881 8760887 1 1310 540 545
7291 4936 8760897 1 1330 540 561
7468 4987 8760907 1 1340 550 567
7586 4999 8760917 1 1350 540 567
7641 4963 8760927 1 1360 550 567
7655 4896 8760937 1 1360 550 540
7595 4761 8760947 1 1370 540 526
7472 4620 8760957 1 1390 550 527
7307 4446 8760967 1 1390 550 540
7118 4252 8760977 1 1390 550 603
6933 4060 8760987 1 1400 550 666
6776 3901 8760997 1 1400 550 717
6635 3763 8761007 1 1400 550 721
6585 3679 8761017 1 1400 550 725
6591 3635 8761027 1 1390 550 731
6634 3617 8761037 1 1380 550 745
6728 3617 8761047 1 1380 550 761
6873 3650 8761057 1 1380 550 773
7052 3712 8761067 1 1360 560 793
7265 3818 8761077 1 1350 550 788
7502 3925 8761087 1 1350 550 797
7756 4032 8761097 1 1350 550 794
7973 4091 8761107 1 1360 560 796
8095 4079 8761117 1 1360 560 754
8154 4021 8761127 1 1360 560 700
8116 3866 8761137 1 1360 560 646
7959 3639 8761147 1 1380 570 644
7723 3365 8761157 1 1380 570 662
7408 3036 8761167 1 1360 570 760
7090 2722 8761177 1 1380 580 855
6769 2419 8761187 1 1380 580 946
6597 2212 8761197 1 1380 580 977
6608 2123 8761207 1 1380 580 1023
6742 2113 8761217 1 1400 580 1023
7137 2225 8761227 1 1400 580 1023
7804 2461 8761237 1 1400 580 917
