401
2883 7272 8225467 0 1520 540 269
2957 7348 8225477 1 1520 540 413
2957 7393 8225487 1 1530 540 449
2970 7418 8225497 1 1530 540 465
2978 7430 8225507 1 1550 540 485
2984 7436 8225517 1 1550 540 515
2984 7436 8225527 1 1550 540 561
2984 7436 8225537 1 1560 550 600
2984 7436 8225547 1 1560 550 624
2984 7436 8225557 1 1580 550 647
2984 7429 8225567 1 1580 550 688
2963 7392 8225577 1 1590 550 711
2936 7334 8225587 1 1590 550 733
2877 7237 8225597 1 1590 550 754
2779 7095 8225607 1 1590 550 759
2654 6924 8225617 1 1590 550 768
2492 6727 8225627 1 1590 550 774
2306 6529 8225637 1 1590 550 754
2105 6277 8225647 1 1590 550 699
1892 5991 8225657 1 1580 560 544
1713 5703 8225667 1 1580 560 244
1275 4868 8225717 0 1500 570 172
1205 4601 8225727 1 1480 570 291
1191 4507 8225737 1 1460 570 389
1191 4421 8225747 1 1430 570 461
1203 4339 8225757 1 1400 580 530
1219 4268 8225767 1 1380 580 569
1239 4205 8225777 1 1350 580 599
1275 4173 8225787 1 1340 570 628
1322 4173 8225797 1 1310 570 643
1391 4185 8225807 1 1300 580 646
1502 4260 8225817 1 1280 570 641
1642 4393 8225827 1 1280 580 631
1794 4566 8225837 1 1280 580 636
1952 4763 8225847 1 1280 580 665
2131 4961 8225857 1 1280 590 697
2323 5160 8225867 1 1280 590 742
2494 5309 8225877 1 1290 600 777
2665 5452 8225887 1 1310 610 797
2802 5554 8225897 1 1320 600 821
2915 5631 8225907 1 1340 610 821
3000 5679 8225917 1 1350 620 808
3051 5688 8225927 1 1370 620 752
3079 5671 8225937 1 1380 630 656
3062 5587 8225947 1 1380 630 427
2671 4831 8225988 0 1410 630 265
2259 4142 8225998 1 1410 630 505
2047 3831 8226008 1 1410 630 638
1870 3563 8226018 1 1410 630 697
1716 3324 8226028 1 1410 630 731
1604 3133 8226038 1 1410 630 740
1540 3015 8226048 1 1400 620 742
1509 2947 8226058 1 1400 620 758
1509 2942 8226068 1 1400 620 776
1575 2986 8226078 1 1400 620 796
1678 3064 8226088 1 1380 630 785
1835 3240 8226098 1 1380 630 785
2036 3482 8226108 1 1380 630 783
2265 3769 8226118 1 1380 630 797
2497 4098 8226128 1 1380 630 791
2733 4423 8226138 1 1380 630 791
2916 4746 8226148 1 1380 630 785
3061 5045 8226158 1 1380 630 788
3162 5317 8226168 1 1380 630 793
3213 5571 8226178 1 1380 630 791
3231 5811 8226188 1 1380 630 788
3224 6049 8226198 1 1400 630 822
3205 6204 8226208 1 1400 630 860
3179 6304 8226218 1 1410 630 866
3140 6350 8226228 1 1410 630 869
3100 6367 8226238 1 1430 620 863
3060 6367 8226248 1 1440 610 855
3024 6350 8226258 1 1440 610 849
2978 6304 8226268 1 1450 600 846
2924 6237 8226278 1 1460 600 842
2859 6127 8226288 1 1460 600 840
2790 5958 8226298 1 1470 590 834
2717 5749 8226308 1 1490 580 837
2632 5525 8226318 1 1490 580 839
2551 5248 8226328 1 1500 570 845
2480 4936 8226338 1 1500 570 846
2420 4553 8226348 1 1510 560 866
2381 4132 8226358 1 1500 570 864
2356 3685 8226368 1 1500 570 894
2356 3319 8226378 1 1490 580 911
2383 2976 8226388 1 1490 580 935
2433 2648 8226398 1 1470 590 933
2524 2428 8226408 1 1460 600 940
2633 2298 8226418 1 1450 600 962
2755 2227 8226428 1 1440 610 997
2880 2206 8226438 1 1430 620 990
3014 2261 8226448 1 1400 620 990
3160 2367 8226458 1 1380 630 984
3321 2561 8226468 1 1370 630 995
3493 2865 8226478 1 1350 640 977
3681 3242 8226488 1 1330 650 988
3882 3634 8226498 1 1320 650 994
4091 4075 8226508 1 1320 650 986
4299 4550 8226518 1 1300 660 964
4496 5035 8226528 1 1300 660 965
4684 5514 8226538 1 1280 650 961
4868 5989 8226548 1 1280 650 980
5018 6341 8226558 1 1280 650 982
5143 6607 8226568 1 1280 650 977
5250 6815 8226578 1 1300 650 979
5324 6952 8226588 1 1320 640 982
5361 7030 8226598 1 1330 630 988
5374 7069 8226608 1 1350 630 977
5374 7082 8226618 1 1370 620 981
5366 7093 8226628 1 1390 610 979
5360 7093 8226638 1 1420 610 994
5344 7093 8226648 1 1440 600 979
5316 7087 8226658 1 1450 590 970
5280 7045 8226668 1 1460 580 961
5218 6981 8226678 1 1490 580 950
5153 6883 8226688 1 1500 570 943
5086 6780 8226698 1 1500 570 943
5022 6675 8226708 1 1510 560 947
4958 6517 8226718 1 1510 560 958
4893 6249 8226728 1 1510 560 997
4845 5909 8226738 1 1510 560 1014
4822 5440 8226748 1 1510 560 1023
4815 4881 8226758 1 1510 560 1023
4821 4262 8226768 1 1510 560 1023
4832 3805 8226778 1 1500 570 1023
4845 3510 8226788 1 1490 580 1023
4856 3324 8226798 1 1460 600 1023
4878 3203 8226808 1 1450 600 1023
4903 3147 8226818 1 1430 620 1023
4929 3134 8226828 1 1410 630 1023
4951 3129 8226838 1 1370 630 1023
4966 3146 8226848 1 1350 640 1023
4979 3178 8226858 1 1320 650 1023
5001 3268 8226868 1 1300 660 1023
5042 3415 8226878 1 1280 660 1023
5096 3601 8226888 1 1260 670 1023
5161 3868 8226898 1 1240 670 1023
5249 4228 8226908 1 1220 680 1000
5352 4651 8226918 1 1190 680 988
5486 5161 8226928 1 1190 680 986
5682 5650 8226938 1 1190 680 992
5920 6124 8226948 1 1190 680 982
6145 6493 8226958 1 1220 680 987
6381 6784 8226968 1 1240 670 982
6625 7023 8226978 1 1240 670 991
6841 7194 8226988 1 1260 670 999
7012 7316 8226998 1 1300 670 1020
7154 7405 8227008 1 1330 660 1023
7274 7452 8227018 1 1350 650 1023
7377 7427 8227028 1 1380 650 1023
7469 7355 8227038 1 1410 640 1023
7524 7224 8227048 1 1450 640 1023
7524 7039 8227058 1 1460 630 1023
7498 6818 8227068 1 1480 630 1023
7410 6621 8227078 1 1490 630 1023
7285 6435 8227088 1 1520 620 1023
7136 6257 8227098 1 1520 620 1023
6968 6105 8227108 1 1520 620 1023
6804 6014 8227118 1 1520 620 1023
6642 5964 8227128 1 1520 620 1023
6508 5972 8227138 1 1530 610 1023
6375 6026 8227148 1 1530 610 996
6247 6110 8227158 1 1520 620 997
6122 6240 8227168 1 1520 620 995
6057 6365 8227178 1 1520 620 981
6039 6488 8227188 1 1520 620 981
6053 6550 8227198 1 1500 620 985
6098 6585 8227208 1 1500 620 1000
6189 6603 8227218 1 1500 620 1023
6310 6568 8227228 1 1480 610 1023
6472 6476 8227238 1 1480 610 1023
6663 6347 8227248 1 1480 610 1023
6873 6212 8227258 1 1480 610 1023
7084 6114 8227268 1 1480 610 1023
7285 6042 8227278 1 1480 610 1023
7478 6008 8227288 1 1480 610 1023
7643 5984 8227298 1 1480 610 1023
7784 5967 8227308 1 1500 620 1023
7908 5950 8227318 1 1490 630 1023
7978 5932 8227328 1 1490 630 1023
8012 5920 8227338 1 1510 630 1023
8023 5913 8227348 1 1510 630 1023
8010 5900 8227358 1 1530 630 1014
7941 5848 8227368 1 1510 640 923
7834 5769 8227378 1 1530 650 806
7672 5684 8227388 1 1520 650 673
7471 5581 8227398 1 1520 650 494
7243 5466 8227408 1 1510 660 430
7001 5329 8227418 1 1510 660 452
6772 5189 8227428 1 1500 670 561
6551 5063 8227438 1 1500 670 688
6400 4948 8227448 1 1480 670 757
6284 4837 8227458 1 1460 670 802
6191 4762 8227468 1 1460 670 821
6156 4712 8227478 1 1440 670 849
6156 4700 8227488 1 1420 680 872
6171 4707 8227498 1 1400 670 906
6236 4727 8227508 1 1390 680 908
6349 4781 8227518 1 1370 670 921
6495 4867 8227528 1 1370 670 935
6660 4975 8227538 1 1370 670 941
6826 5069 8227548 1 1350 670 938
6989 5158 8227558 1 1350 670 941
7101 5212 8227568 1 1350 670 930
7182 5245 8227578 1 1350 680 915
7225 5232 8227588 1 1350 680 906
7232 5165 8227598 1 1350 680 900
7214 5061 8227608 1 1370 690 897
7150 4874 8227618 1 1370 690 894
7056 4642 8227628 1 1350 690 909
6941 4380 8227638 1 1350 690 920
6805 4130 8227648 1 1350 690 938
6703 3931 8227658 1 1350 690 933
6623 3765 8227668 1 1350 690 938
6575 3649 8227678 1 1330 700 944
6560 3603 8227688 1 1330 700 946
6568 3603 8227698 1 1330 700 946
6598 3618 8227708 1 1310 710 933
6652 3705 8227718 1 1310 710 941
6723 3840 8227728 1 1280 710 929
6808 4045 8227738 1 1280 710 900
6893 4288 8227748 1 1280 710 888
6952 4556 8227758 1 1280 710 861
6993 4824 8227768 1 1270 700 864
7024 5078 8227778 1 1270 700 876
7047 5256 8227788 1 1270 700 891
7065 5390 8227798 1 1270 700 906
7078 5486 8227808 1 1270 700 908
7084 5555 8227818 1 1270 700 915
7084 5605 8227828 1 1270 700 921
7078 5652 8227838 1 1270 700 920
7068 5701 8227848 1 1290 700 923
7056 5752 8227858 1 1290 700 924
7042 5785 8227868 1 1310 710 926
7027 5807 8227878 1 1330 700 921
7012 5821 8227888 1 1330 700 917
6996 5832 8227898 1 1330 700 912
6976 5832 8227908 1 1350 690 905
6953 5832 8227918 1 1350 690 896
6929 5825 8227928 1 1350 690 892
6905 5811 8227938 1 1350 690 906
6880 5790 8227948 1 1350 690 905
6854 5763 8227958 1 1350 690 905
6828 5734 8227968 1 1350 690 906
6803 5703 8227978 1 1350 690 908
6781 5669 8227988 1 1330 690 908
6758 5630 8227998 1 1330 690 909
6735 5587 8228008 1 1330 690 892
6713 5537 8228018 1 1330 690 892
6697 5479 8228028 1 1350 680 912
6680 5364 8228038 1 1330 670 934
6660 5211 8228048 1 1330 670 991
6641 4946 8228058 1 1330 670 1018
6620 4520 8228068 1 1330 670 1023
6599 3987 8228078 1 1310 670 1003
6589 3357 8228088 1 1300 670 1021
6577 2776 8228098 1 1300 670 1023
6564 2227 8228108 1 1280 680 1023
6554 1821 8228118 1 1220 680 1023
6566 1548 8228128 1 1190 680 1023
6593 1364 8228138 1 1160 700 1023
6621 1231 8228148 1 1080 710 1023
6644 1175 8228158 1 1020 720 1023
6657 1175 8228168 1 960 720 1023
6664 1169 8228178 1 900 720 979
6677 1217 8228188 1 830 730 909
6687 1299 8228198 1 800 730 785
6696 1463 8228208 1 740 720 605
6728 1693 8228218 1 710 720 358
7263 3175 8228261 0 630 710 235
7605 3967 8228271 1 630 710 311
7780 4396 8228281 1 680 720 396
7982 4839 8228291 1 700 730 470
8201 5291 8228301 1 760 740 546
8440 5735 8228311 1 830 740 634
8680 6144 8228321 1 900 740 702
8922 6503 8228331 1 940 750 758
9133 6840 8228341 1 970 750 811
9322 7108 8228351 1 1050 750 860
9503 7343 8228361 1 1090 750 911
9654 7557 8228371 1 1160 740 934
9784 7712 8228381 1 1220 740 965
9891 7818 8228391 1 1270 740 976
9965 7892 8228401 1 1300 730 988
10018 7935 8228411 1 1330 730 997
10038 7959 8228421 1 1400 720 988
10038 7970 8228431 1 1440 720 1008
10038 7970 8228441 1 1460 710 1020
10024 7970 8228451 1 1500 710 1023
9997 7965 8228461 1 1520 700 1023
9958 7910 8228471 1 1550 690 1023
9884 7824 8228481 1 1550 690 1023
9793 7664 8228491 1 1560 680 1023
9690 7399 8228501 1 1590 690 1023
9558 7065 8228511 1 1590 690 1023
9406 6648 8228521 1 1600 680 1023
9241 6194 8228531 1 1600 680 1023
9075 5715 8228541 1 1590 690 1023
8913 5325 8228551 1 1590 690 1023
8798 4990 8228561 1 1580 700 1023
8713 4692 8228571 1 1570 710 1023
8663 4503 8228581 1 1550 710 1023
8629 4368 8228591 1 1540 720 1023
8605 4268 8228601 1 1520 730 1023
8583 4192 8228611 1 1480 740 1023
8583 4169 8228621 1 1460 740 1023
8608 4181 8228631 1 1430 750 1023
8656 4215 8228641 1 1380 750 1023
8766 4347 8228651 1 1350 760 1023
8918 4545 8228661 1 1320 770 1023
9115 4833 8228671 1 1290 770 1023
9335 5146 8228681 1 1250 780 1023
9570 5476 8228691 1 1210 780 1023
9777 5737 8228701 1 1210 780 1023
9959 5945 8228711 1 1210 780 1023
10125 6118 8228721 1 1210 780 1023
10234 6224 8228731 1 1240 790 1023
10295 6291 8228741 1 1240 790 1023
10325 6333 8228751 1 1280 790 1023
10325 6356 8228761 1 1320 780 1023
10309 6392 8228771 1 1350 790 1023
10275 6437 8228781 1 1380 780 1023
10232 6483 8228791 1 1380 780 1023
10177 6528 8228801 1 1410 770 1023
10113 6572 8228811 1 1450 780 1023
10047 6592 8228821 1 1480 770 1023
9985 6592 8228831 1 1480 770 1023
9931 6579 8228841 1 1500 760 1023
9883 6560 8228851 1 1500 760 1023
9843 6542 8228861 1 1500 760 1023
9809 6527 8228871 1 1490 750 1023
9787 6518 8228881 1 1490 750 1023
9771 6513 8228891 1 1490 750 1023
9758 6513 8228901 1 1510 740 1023
9746 6508 8228911 1 1480 740 1023
9736 6508 8228921 1 1480 740 1023
9729 6508 8228931 1 1480 740 1023
9722 6508 8228941 1 1450 730 1023
9713 6502 8228951 1 1450 730 1023
9705 6502 8228961 1 1450 730 1023
9691 6502 8228971 1 1450 730 1023
9674 6495 8228981 1 1420 720 1023
9657 6495 8228991 1 1420 720 1023
9641 6495 8229001 1 1440 720 1023
9629 6495 8229011 1 1440 720 1023
9618 6488 8229021 1 1440 720 1023
9609 6488 8229031 1 1440 720 1023
9599 6488 8229041 1 1440 720 1023
9593 6488 8229051 1 1440 720 1023
9587 6488 8229061 1 1440 720 1023
9580 6488 8229071 1 1440 720 1023
9571 6488 8229081 1 1440 720 1023
9559 6430 8229091 1 1440 720 1023
9546 6335 8229101 1 1470 720 1023
9532 6043 8229111 1 1470 720 1023
9506 5583 8229121 1 1470 720 1023
9465 5012 8229131 1 1450 730 1023
9415 4410 8229141 1 1450 730 1023
9376 3923 8229151 1 1430 740 1023
9346 3513 8229161 1 1380 750 1023
9322 3268 8229171 1 1350 760 1023
9301 3080 8229181 1 1320 770 1023
9285 2930 8229191 1 1250 780 1023
9258 2878 8229201 1 1240 790 1023
9222 2856 8229211 1 1140 800 1023
9156 2856 8229221 1 1080 810 1023
9071 2879 8229231 1 1020 810 1023
8974 2939 8229241 1 900 810 1023
8867 3023 8229251 1 900 810 981
8757 3147 8229261 1 780 810 935
8645 3289 8229271 1 720 810 938
8538 3442 8229281 1 680 790 939
8460 3509 8229291 1 680 790 955
8400 3527 8229301 1 680 790 996
8359 3513 8229311 1 660 780 1023
8342 3475 8229321 1 660 780 1023
8342 3397 8229331 1 660 780 1023
8368 3293 8229341 1 680 770 1023
8398 3190 8229351 1 680 770 1023
8431 3119 8229361 1 690 760 1023
8463 3069 8229371 1 730 760 1023
8506 3047 8229381 1 730 760 1023
8548 3047 8229391 1 740 750 1023
8588 3047 8229401 1 740 750 1023
8628 3083 8229411 1 740 750 1023
8674 3137 8229421 1 720 740 978
8723 3207 8229431 1 720 740 909
8788 3285 8229441 1 720 740 817
8863 3365 8229451 1 720 740 649
8956 3450 8229461 1 720 740 414
9835 4240 8229533 0 730 760 509
10180 4415 8229543 1 730 760 755
10298 4415 8229553 1 770 770 858
10386 4378 8229563 1 760 780 968
10446 4322 8229573 1 760 780 1023
10469 4253 8229583 1 760 780 1023
10469 4178 8229593 1 760 780 1023
10432 4098 8229603 1 750 790 1023
10379 4042 8229613 1 750 790 1023
10313 4013 8229623 1 800 790 936
10244 4002 8229633 1 800 790 195
