319
4277 7132 8201783 0 1080 650 600
4180 7311 8201793 1 1120 640 653
4087 7440 8201803 1 1170 630 691
3981 7534 8201813 1 1240 620 702
3867 7542 8201823 1 1310 600 690
3724 7504 8201833 1 1340 580 702
3527 7376 8201843 1 1350 570 717
3293 7196 8201853 1 1360 560 717
3032 6982 8201863 1 1390 550 708
2787 6681 8201873 1 1410 530 711
2553 6341 8201883 1 1420 530 705
2328 5976 8201893 1 1440 510 690
2133 5595 8201903 1 1440 510 694
1957 5227 8201913 1 1440 510 694
1840 4867 8201923 1 1440 510 696
1762 4597 8201933 1 1440 510 696
1710 4418 8201943 1 1440 510 699
1679 4301 8201953 1 1430 520 699
1674 4266 8201963 1 1420 530 707
1686 4266 8201973 1 1420 530 720
1725 4294 8201983 1 1410 530 731
1841 4409 8201993 1 1400 540 742
2008 4618 8202003 1 1390 550 762
2260 4891 8202013 1 1390 550 797
2536 5194 8202023 1 1380 550 818
2829 5459 8202033 1 1350 550 845
3098 5699 8202043 1 1350 550 849
3343 5879 8202053 1 1340 560 854
3572 5997 8202063 1 1340 560 851
3755 6075 8202073 1 1340 560 848
3857 6093 8202083 1 1350 550 821
3905 6056 8202093 1 1350 550 785
3913 5983 8202103 1 1350 550 751
3845 5780 8202113 1 1360 550 691
3726 5485 8202123 1 1360 550 655
3531 5130 8202133 1 1360 550 640
3311 4716 8202143 1 1360 550 644
3075 4323 8202153 1 1360 550 658
2836 3944 8202163 1 1360 550 676
2624 3623 8202173 1 1360 550 702
2429 3396 8202183 1 1360 550 722
2292 3233 8202193 1 1350 540 727
2215 3126 8202203 1 1340 550 730
2179 3091 8202213 1 1340 550 733
2194 3105 8202223 1 1340 550 733
2269 3179 8202233 1 1320 550 742
2385 3350 8202243 1 1310 560 748
2549 3587 8202253 1 1310 560 763
2742 3902 8202263 1 1300 560 780
2953 4251 8202273 1 1300 560 794
3156 4622 8202283 1 1290 560 787
3304 4969 8202293 1 1290 560 790
3416 5283 8202303 1 1290 560 790
3476 5574 8202313 1 1290 560 785
3499 5857 8202323 1 1290 560 797
3499 6138 8202333 1 1290 560 809
3489 6352 8202343 1 1300 550 827
3473 6522 8202353 1 1310 550 833
3450 6604 8202363 1 1320 550 845
3426 6634 8202373 1 1340 550 839
3387 6634 8202383 1 1340 550 834
3339 6617 8202393 1 1350 540 828
3267 6551 8202403 1 1360 540 830
3182 6451 8202413 1 1370 530 828
3089 6267 8202423 1 1370 530 831
3003 5992 8202433 1 1390 520 840
2938 5657 8202443 1 1400 530 857
2888 5198 8202453 1 1410 520 894
2871 4592 8202463 1 1410 520 914
2904 3888 8202473 1 1410 520 929
2971 3244 8202483 1 1410 520 933
3071 2825 8202493 1 1400 530 935
3171 2557 8202503 1 1390 540 977
3274 2495 8202513 1 1370 540 997
3379 2509 8202523 1 1360 550 997
3526 2574 8202533 1 1350 550 988
3715 2763 8202543 1 1340 560 994
3933 3085 8202553 1 1340 560 991
4192 3497 8202563 1 1310 570 982
4471 3985 8202573 1 1310 570 988
4764 4498 8202583 1 1300 580 979
4998 5027 8202593 1 1280 580 983
5216 5571 8202603 1 1270 590 968
5423 6058 8202613 1 1270 590 980
5593 6507 8202623 1 1270 590 971
5739 6836 8202633 1 1280 590 974
5868 7054 8202643 1 1280 590 976
5928 7198 8202653 1 1290 590 970
5955 7268 8202663 1 1320 590 968
5961 7298 8202673 1 1340 580 958
5941 7298 8202683 1 1350 580 943
5889 7298 8202693 1 1380 580 933
5815 7250 8202703 1 1390 570 945
5713 7180 8202713 1 1400 580 945
5612 7064 8202723 1 1420 570 942
5512 6873 8202733 1 1430 560 933
5433 6632 8202743 1 1440 560 944
5378 6251 8202753 1 1450 550 974
5340 5726 8202763 1 1450 550 978
5340 5106 8202773 1 1450 550 986
5386 4420 8202783 1 1460 540 982
5454 3905 8202793 1 1450 550 1012
5489 3504 8202803 1 1440 560 1023
5522 3372 8202805 1 1430 560 1023
5522 3372 8202815 1 1400 580 1023
5600 3272 8202825 1 1390 580 1023
5651 3272 8202835 1 1350 590 1023
5711 3365 8202845 1 1340 600 1011
5774 3511 8202855 1 1320 600 986
5809 3776 8202865 1 1310 610 943
5825 4152 8202875 1 1290 610 902
5804 4602 8202885 1 1260 620 866
5797 5129 8202895 1 1270 630 875
5797 5670 8202905 1 1250 640 903
5877 6220 8202915 1 1250 640 900
5999 6683 8202925 1 1250 640 920
6149 7012 8202935 1 1250 640 935
6318 7253 8202945 1 1270 640 939
6464 7445 8202955 1 1290 640 941
6595 7546 8202965 1 1300 630 934
6704 7587 8202975 1 1320 630 979
6804 7558 8202985 1 1350 630 1021
6899 7413 8202995 1 1370 620 1023
6959 7191 8203005 1 1380 610 1023
6975 6883 8203015 1 1410 610 1023
6962 6570 8203025 1 1420 610 1023
6911 6314 8203035 1 1440 600 1023
6836 6099 8203045 1 1460 600 1023
6746 5970 8203055 1 1460 600 1023
6644 5878 8203065 1 1470 590 1014
6543 5812 8203075 1 1470 590 977
6416 5824 8203085 1 1460 580 977
6270 5924 8203095 1 1460 580 976
6145 6082 8203105 1 1470 590 977
6085 6225 8203115 1 1490 580 987
6068 6368 8203125 1 1490 580 1002
6113 6510 8203135 1 1490 580 1021
6229 6564 8203145 1 1490 580 1023
6393 6580 8203155 1 1470 590 1023
6584 6570 8203165 1 1470 590 1023
6792 6523 8203175 1 1460 580 1023
7011 6471 8203185 1 1460 580 1023
7193 6413 8203195 1 1460 580 1023
7336 6351 8203205 1 1460 580 1023
7452 6282 8203215 1 1460 580 1023
7492 6198 8203225 1 1460 580 988
7472 6106 8203235 1 1470 590 873
7413 5979 8203245 1 1460 600 748
7266 5835 8203255 1 1460 600 646
7078 5680 8203265 1 1450 600 625
6863 5551 8203275 1 1470 610 638
6626 5422 8203285 1 1460 620 696
6415 5291 8203295 1 1460 620 757
6221 5203 8203305 1 1440 620 808
6099 5143 8203315 1 1440 620 837
6042 5127 8203325 1 1440 620 858
6029 5134 8203335 1 1430 630 861
6049 5156 8203345 1 1430 630 873
6140 5243 8203355 1 1430 630 896
6279 5360 8203365 1 1400 630 944
6453 5496 8203375 1 1400 630 953
6628 5600 8203385 1 1400 630 958
6805 5666 8203395 1 1370 630 955
6934 5706 8203405 1 1370 630 956
7032 5693 8203415 1 1370 630 950
7084 5620 8203425 1 1350 630 947
7095 5508 8203435 1 1350 640 943
7079 5275 8203445 1 1350 640 933
7007 4963 8203455 1 1350 640 929
6895 4599 8203465 1 1350 640 924
6757 4266 8203475 1 1350 640 932
6608 3969 8203485 1 1330 650 944
6487 3696 8203495 1 1330 650 946
6384 3526 8203505 1 1320 650 955
6309 3414 8203515 1 1300 660 959
6274 3342 8203525 1 1300 660 956
6265 3334 8203535 1 1300 670 949
6285 3386 8203545 1 1300 670 944
6339 3477 8203555 1 1280 680 937
6416 3664 8203565 1 1280 680 944
6502 3934 8203575 1 1250 680 932
6589 4259 8203585 1 1240 670 896
6675 4624 8203595 1 1220 680 897
6757 4998 8203605 1 1220 680 908
6838 5378 8203615 1 1200 670 892
6924 5642 8203625 1 1200 670 892
6992 5853 8203635 1 1200 670 894
7048 6030 8203645 1 1220 680 892
7082 6171 8203655 1 1240 670 896
7082 6273 8203665 1 1260 670 896
7058 6350 8203675 1 1280 660 894
7013 6422 8203685 1 1300 660 896
6964 6466 8203695 1 1320 650 897
6911 6492 8203705 1 1330 650 900
6866 6499 8203715 1 1350 640 900
6822 6479 8203725 1 1370 630 902
6778 6441 8203735 1 1380 630 902
6736 6360 8203745 1 1400 620 908
6698 6226 8203755 1 1400 620 930
6679 6058 8203765 1 1410 610 934
6671 5761 8203775 1 1410 610 961
6661 5333 8203785 1 1410 610 979
6651 4819 8203795 1 1420 610 996
6642 4201 8203805 1 1390 610 992
6668 3578 8203815 1 1390 610 1023
6718 2951 8203825 1 1380 610 1023
6703 2622 8203835 1 1350 620 1023
6710 2428 8203845 1 1320 630 1023
6731 2323 8203855 1 1300 630 1023
6764 2270 8203865 1 1270 640 1023
6787 2263 8203875 1 1250 650 1023
6804 2288 8203885 1 1210 660 1023
6823 2377 8203895 1 1190 660 1008
6844 2550 8203905 1 1180 680 994
6868 2779 8203915 1 1160 680 1000
6930 3085 8203925 1 1110 690 997
7016 3413 8203935 1 1090 690 993
7127 3757 8203945 1 1070 700 999
7296 4183 8203955 1 1040 700 991
7504 4664 8203965 1 1040 700 990
7770 5181 8203975 1 1040 700 991
8084 5775 8203985 1 1040 700 992
8429 6348 8203995 1 1040 700 986
8755 6908 8204005 1 1040 700 992
9024 7315 8204015 1 1080 710 979
9255 7599 8204025 1 1110 710 977
9414 7801 8204035 1 1130 710 981
9520 7930 8204045 1 1170 710 993
9590 8018 8204055 1 1200 710 1003
9626 8080 8204065 1 1240 710 1011
9642 8114 8204075 1 1290 700 1015
9642 8137 8204085 1 1330 700 1015
9642 8154 8204095 1 1350 690 1020
9624 8154 8204105 1 1410 680 1023
9604 8154 8204115 1 1450 680 1023
9562 8104 8204125 1 1460 670 1023
9501 8016 8204135 1 1500 670 1023
9428 7819 8204145 1 1510 660 1023
9346 7530 8204155 1 1540 660 1023
9247 7179 8204165 1 1570 650 1023
9137 6717 8204175 1 1570 650 1023
9010 6214 8204185 1 1570 650 1023
8886 5684 8204195 1 1580 640 1023
8765 5176 8204205 1 1580 640 1023
8688 4837 8204215 1 1570 650 1023
8641 4611 8204225 1 1560 660 1023
8615 4491 8204235 1 1530 670 1023
8624 4434 8204245 1 1510 680 1023
8660 4420 8204255 1 1490 690 1023
8715 4461 8204265 1 1480 700 1023
8799 4604 8204275 1 1460 710 1023
8921 4815 8204285 1 1440 720 1023
9067 5135 8204295 1 1420 720 1023
9237 5515 8204305 1 1370 730 1023
9416 5934 8204315 1 1350 730 1023
9600 6392 8204325 1 1320 740 1023
9763 6758 8204335 1 1320 740 1023
9888 7063 8204345 1 1320 740 1023
9988 7217 8204355 1 1320 740 1023
10043 7341 8204365 1 1350 730 1023
10064 7444 8204375 1 1350 730 1023
10064 7514 8204385 1 1370 730 1023
10044 7571 8204395 1 1400 720 1023
10009 7619 8204405 1 1420 710 1023
9963 7659 8204415 1 1440 720 1023
9910 7694 8204425 1 1460 710 1023
9859 7722 8204435 1 1480 700 1023
9816 7732 8204445 1 1490 690 1023
9785 7732 8204455 1 1510 680 1023
9762 7723 8204465 1 1480 680 1023
9744 7711 8204475 1 1500 670 1023
9729 7693 8204485 1 1500 670 1023
9713 7654 8204495 1 1500 670 1023
9692 7601 8204505 1 1510 660 1023
9667 7495 8204515 1 1510 660 1023
9649 7265 8204525 1 1510 660 1023
9629 6953 8204535 1 1510 660 1023
9600 6463 8204545 1 1510 660 1023
9566 5853 8204555 1 1510 660 1023
9529 5162 8204565 1 1500 670 1023
9491 4540 8204575 1 1480 680 1023
9452 4126 8204585 1 1480 680 1023
9395 3851 8204595 1 1450 700 1023
9360 3635 8204605 1 1430 700 1023
9339 3524 8204615 1 1400 720 1023
9306 3482 8204625 1 1350 730 1023
9246 3475 8204635 1 1320 740 1021
9168 3514 8204645 1 1300 750 980
9055 3584 8204655 1 1270 750 958
8939 3706 8204665 1 1200 760 953
8821 3822 8204675 1 1160 770 964
8757 3866 8204685 1 1080 770 991
8720 3866 8204695 1 990 770 1023
8701 3810 8204705 1 940 770 1023
8701 3671 8204715 1 900 760 1023
8701 3476 8204725 1 900 760 1023
8722 3316 8204735 1 860 750 1023
8735 3185 8204745 1 860 750 1023
8750 3074 8204755 1 860 750 1023
8772 3028 8204765 1 830 740 1023
8817 3028 8204775 1 830 740 1023
8875 3048 8204785 1 830 740 1023
8962 3164 8204795 1 830 740 1023
9052 3341 8204805 1 800 740 965
9146 3559 8204815 1 800 730 879
9247 3852 8204825 1 800 730 867
9386 4152 8204835 1 800 730 867
9551 4457 8204845 1 800 730 887
9733 4636 8204855 1 800 730 991
9917 4745 8204865 1 800 730 1023
10073 4807 8204875 1 800 740 1023
10210 4760 8204885 1 800 740 1023
10291 4664 8204895 1 830 740 1023
10326 4535 8204905 1 830 750 1023
10331 4390 8204915 1 830 750 1023
10313 4270 8204925 1 830 750 1023
10268 4166 8204935 1 820 760 1023
10205 4101 8204945 1 820 760 1023
10137 4087 8204955 1 820 760 218
