161
1593 7626 75843226 0 1230 520 86
1612 7573 75843236 1 1230 520 161
1595 7510 75843246 1 1220 530 251
1602 7443 75843256 1 1220 530 297
1610 7302 75843266 1 1230 530 348
1623 7107 75843276 1 1230 530 413
1635 6876 75843286 1 1250 540 470
1649 6582 75843296 1 1250 540 557
1658 6203 75843306 1 1260 540 606
1664 5767 75843316 1 1260 540 643
1675 5365 75843326 1 1250 550 667
1687 4942 75843336 1 1250 560 696
1702 4506 75843346 1 1230 560 697
1718 4158 75843356 1 1220 570 708
1739 3867 75843366 1 1200 580 719
1759 3613 75843376 1 1180 590 721
1773 3472 75843386 1 1150 600 721
1783 3390 75843396 1 1130 610 722
1783 3347 75843406 1 1110 610 702
1769 3358 75843416 1 1070 620 669
1749 3447 75843426 1 1060 630 636
1713 3589 75843436 1 1020 630 616
1679 3861 75843446 1 1000 640 594
1653 4202 75843456 1 980 640 594
1636 4590 75843466 1 960 630 578
1651 5000 75843476 1 960 630 574
1687 5396 75843486 1 960 630 567
1750 5784 75843496 1 960 630 543
1855 6086 75843506 1 980 630 522
1987 6373 75843516 1 1000 630 519
2139 6649 75843526 1 1020 630 507
2292 6845 75843536 1 1040 620 501
2450 6997 75843546 1 1070 620 496
2633 7119 75843556 1 1100 600 492
2830 7169 75843566 1 1130 600 497
3018 7169 75843576 1 1170 590 510
3205 7125 75843586 1 1200 580 526
3383 6995 75843596 1 1210 580 543
3535 6821 75843606 1 1230 560 568
3675 6619 75843616 1 1250 560 595
3778 6420 75843626 1 1270 550 641
3829 6217 75843636 1 1270 550 656
3844 6007 75843646 1 1290 550 666
3807 5778 75843656 1 1290 550 684
3718 5536 75843666 1 1290 550 694
3595 5304 75843676 1 1280 540 702
3455 5120 75843686 1 1280 540 696
3297 4968 75843696 1 1280 540 696
3127 4879 75843706 1 1260 540 694
2949 4857 75843716 1 1260 540 693
2780 4879 75843726 1 1250 550 687
2621 4949 75843736 1 1240 550 699
2501 5017 75843746 1 1240 550 700
2407 5084 75843756 1 1220 560 708
2371 5120 75843766 1 1220 560 702
2371 5130 75843776 1 1220 560 703
2402 5123 75843786 1 1200 550 705
2489 5103 75843796 1 1200 550 703
2636 5027 75843806 1 1200 550 707
2823 4913 75843816 1 1200 550 719
3021 4730 75843826 1 1200 550 721
3253 4544 75843836 1 1200 550 743
3507 4351 75843846 1 1200 550 754
3763 4171 75843856 1 1200 550 770
3999 4001 75843866 1 1200 550 770
4239 3870 75843876 1 1200 550 770
4489 3786 75843886 1 1200 550 759
4732 3734 75843896 1 1180 560 731
4942 3745 75843906 1 1180 560 663
5129 3811 75843916 1 1170 560 551
5311 3914 75843926 1 1160 560 466
5458 4051 75843936 1 1160 560 430
5582 4224 75843946 1 1160 560 422
5672 4422 75843956 1 1160 560 418
5740 4608 75843966 1 1160 560 414
5793 4746 75843976 1 1160 570 420
5813 4853 75843986 1 1160 570 455
5805 4906 75843996 1 1160 570 497
5778 4920 75844006 1 1160 570 512
5732 4909 75844016 1 1160 570 550
5687 4853 75844026 1 1160 570 603
5644 4750 75844036 1 1180 570 656
5629 4617 75844046 1 1180 570 688
5629 4465 75844056 1 1180 570 696
5661 4304 75844066 1 1190 560 696
5715 4137 75844076 1 1190 560 696
5785 4031 75844086 1 1190 560 699
5882 3977 75844096 1 1190 560 699
5981 3959 75844106 1 1190 560 696
6082 3997 75844116 1 1190 560 697
6173 4081 75844126 1 1200 570 688
6259 4197 75844136 1 1200 570 675
6306 4339 75844146 1 1200 570 671
6313 4485 75844156 1 1190 580 650
6292 4634 75844166 1 1180 570 638
6236 4774 75844176 1 1190 580 644
6167 4846 75844186 1 1190 580 646
6088 4874 75844196 1 1190 580 662
6020 4864 75844198 1 1190 580 667
5979 4841 75844208 1 1200 570 666
5955 4810 75844218 1 1200 570 685
5991 4765 75844228 1 1200 570 690
6082 4697 75844238 1 1200 570 719
6209 4614 75844248 1 1220 570 733
6393 4558 75844258 1 1220 570 746
6610 4528 75844268 1 1220 570 749
6849 4515 75844278 1 1220 570 754
7081 4556 75844288 1 1220 570 737
7316 4629 75844298 1 1220 570 687
7525 4724 75844308 1 1220 570 583
7715 4871 75844318 1 1230 580 443
7869 5040 75844328 1 1230 580 175
7848 6048 75844388 0 1240 580 171
7683 6124 75844398 1 1240 580 364
7604 6119 75844408 1 1270 590 449
7521 6028 75844418 1 1270 590 545
7478 5882 75844428 1 1280 580 639
7461 5662 75844438 1 1280 580 687
7461 5401 75844448 1 1300 580 733
7476 5112 75844458 1 1300 580 749
7508 4827 75844468 1 1300 580 757
7551 4572 75844478 1 1300 560 763
7622 4337 75844488 1 1280 570 761
7698 4186 75844498 1 1280 570 746
7788 4125 75844508 1 1280 570 725
7884 4125 75844518 1 1280 570 724
7979 4189 75844528 1 1270 570 717
8057 4296 75844538 1 1270 570 713
8126 4430 75844548 1 1260 580 708
8196 4519 75844558 1 1260 580 710
8267 4542 75844568 1 1250 590 714
8343 4520 75844578 1 1240 600 719
8422 4453 75844588 1 1240 600 721
8502 4375 75844598 1 1220 600 719
8582 4289 75844608 1 1220 600 700
8669 4234 75844618 1 1220 600 671
8779 4222 75844628 1 1220 600 644
8903 4238 75844638 1 1220 600 643
9039 4303 75844648 1 1220 600 659
9175 4374 75844658 1 1220 600 694
9311 4450 75844668 1 1220 600 746
9477 4462 75844678 1 1240 600 773
9663 4442 75844688 1 1240 600 790
9876 4402 75844698 1 1250 600 780
10104 4371 75844708 1 1250 600 721
10341 4376 75844718 1 1260 600 616
10585 4406 75844728 1 1260 600 456
10806 4477 75844738 1 1280 610 405
10946 4548 75844748 1 1280 610 400
11039 4593 75844758 1 1280 610 245
10239 4953 75844839 0 1310 610 368
10010 4956 75844849 1 1310 610 543
9900 4943 75844859 1 1310 610 570
9837 4943 75844869 1 1320 600 594
9804 4892 75844879 1 1320 600 592
9775 4838 75844889 1 1320 600 540
8464 5063 75844999 0 1320 580 684
8206 5000 75845009 1 1310 570 693
8122 4993 75845019 1 1300 580 687
8055 5010 75845029 1 1300 580 673
8055 4965 75845039 1 1300 580 532
