227
4394 5537 288995 0 1480 470 495
4394 5537 289005 1 1480 470 473
4455 5582 289015 1 1480 470 481
4490 5617 289025 1 1470 480 480
4503 5611 289035 1 1460 490 493
4503 5651 289045 1 1470 490 494
4539 5700 289055 1 1460 500 512
4573 5754 289065 1 1450 510 522
4607 5813 289075 1 1470 510 512
4641 5891 289085 1 1460 520 515
4676 5981 289095 1 1460 520 513
4697 6058 289105 1 1470 520 522
4709 6130 289115 1 1470 520 522
4687 6195 289125 1 1470 530 530
4642 6242 289135 1 1470 530 557
4582 6277 289145 1 1480 540 580
4506 6282 289155 1 1480 540 597
4426 6259 289165 1 1500 540 616
4342 6217 289175 1 1500 540 636
4250 6132 289185 1 1510 530 664
4159 6017 289195 1 1520 540 690
4088 5882 289205 1 1520 540 713
4029 5751 289215 1 1530 530 722
4005 5665 289225 1 1530 530 728
4014 5610 289235 1 1530 530 733
4045 5570 289245 1 1530 530 728
4111 5550 289255 1 1520 540 739
4209 5544 289265 1 1520 540 746
4329 5581 289275 1 1510 530 743
4450 5637 289285 1 1500 540 737
4565 5707 289295 1 1500 540 731
4651 5768 289305 1 1490 550 730
4720 5827 289315 1 1470 550 736
4757 5879 289325 1 1460 550 746
4764 5893 289335 1 1460 550 752
4752 5881 289345 1 1460 550 754
4752 5881 289355 1 1460 550 753
4752 5836 289365 1 1450 550 793
4746 5758 289375 1 1440 560 793
4723 5641 289385 1 1440 560 817
4691 5491 289395 1 1440 560 821
4654 5319 289405 1 1450 560 855
4596 5160 289415 1 1450 560 875
4527 5005 289425 1 1450 560 906
4450 4852 289435 1 1450 560 909
4363 4703 289445 1 1450 560 941
4263 4581 289455 1 1450 560 941
4155 4478 289465 1 1450 560 953
4034 4386 289475 1 1450 560 961
3906 4309 289485 1 1450 560 967
3772 4243 289495 1 1440 570 971
3636 4217 289505 1 1440 570 974
3520 4217 289515 1 1430 570 968
3418 4246 289525 1 1420 570 937
3326 4310 289535 1 1420 570 906
3235 4416 289545 1 1420 570 857
3175 4550 289555 1 1420 570 806
3135 4668 289565 1 1400 560 699
3152 4783 289575 1 1400 560 559
3230 4894 289585 1 1400 560 309
5383 5550 289726 0 1460 540 281
5482 5560 289736 1 1470 530 345
5464 5583 289746 1 1480 540 364
5479 5624 289756 1 1480 540 396
5513 5676 289766 1 1500 540 438
5559 5757 289776 1 1500 540 460
5589 5846 289786 1 1500 540 480
5597 5940 289796 1 1510 540 515
5591 6021 289806 1 1510 540 537
5564 6098 289816 1 1510 540 595
5521 6146 289826 1 1530 550 614
5467 6178 289836 1 1530 550 636
5399 6178 289846 1 1530 550 650
5316 6139 289856 1 1530 540 682
5224 6079 289866 1 1550 540 730
5136 5984 289876 1 1550 540 762
5074 5875 289886 1 1550 540 785
5029 5756 289896 1 1560 530 794
5006 5673 289906 1 1560 530 787
5006 5608 289916 1 1560 530 790
5026 5554 289926 1 1560 530 796
5064 5518 289936 1 1560 530 797
5129 5510 289946 1 1560 530 791
5213 5521 289956 1 1550 540 788
5337 5574 289966 1 1550 540 757
5461 5647 289976 1 1550 540 742
5585 5734 289986 1 1550 540 728
5678 5823 289996 1 1530 550 730
5752 5903 290006 1 1530 550 736
5794 5976 290016 1 1530 550 763
5803 5998 290026 1 1530 550 750
5789 5998 290036 1 1530 550 752
5797 5998 290046 1 1530 550 752
5797 5975 290056 1 1530 550 756
5797 5899 290066 1 1530 550 774
5789 5787 290076 1 1530 540 793
5789 5693 290086 1 1530 540 787
5789 5615 290096 1 1530 540 796
5814 5548 290106 1 1530 540 806
5843 5500 290116 1 1530 540 811
5888 5470 290126 1 1550 540 820
5951 5451 290136 1 1550 540 820
6026 5467 290146 1 1550 540 812
6130 5516 290156 1 1550 540 796
6239 5588 290166 1 1540 550 790
6360 5676 290176 1 1540 550 762
6487 5794 290186 1 1550 550 740
6599 5931 290196 1 1540 560 730
6690 6079 290206 1 1540 560 728
6766 6197 290216 1 1560 570 746
6808 6295 290226 1 1560 570 773
6828 6358 290236 1 1560 570 790
6828 6385 290246 1 1580 560 806
6828 6385 290256 1 1580 560 802
6819 6385 290266 1 1580 560 800
6814 6379 290276 1 1590 550 811
6770 6318 290286 1 1590 550 818
6700 6223 290296 1 1600 550 840
6626 6096 290306 1 1610 550 869
6555 5948 290316 1 1610 550 870
6493 5787 290326 1 1610 550 885
6436 5662 290336 1 1610 550 894
6408 5566 290346 1 1620 540 902
6397 5489 290356 1 1620 540 896
6416 5443 290366 1 1610 550 914
6464 5412 290376 1 1610 550 924
6530 5391 290386 1 1610 550 929
6632 5411 290396 1 1600 550 921
6763 5463 290406 1 1590 550 900
6912 5536 290416 1 1590 550 836
7019 5598 290426 1 1580 560 750
7085 5655 290436 1 1600 560 636
7124 5703 290446 1 1590 570 392
7115 5743 290456 1 1590 570 1
6831 5810 290487 0 1580 580 49
6582 5852 290497 1 1580 580 88
6469 5864 290507 1 1580 580 160
6356 5864 290517 1 1580 580 317
6273 5847 290527 1 1580 580 471
6211 5842 290537 1 1580 580 586
6194 5842 290547 1 1590 570 645
6194 5842 290557 1 1590 570 665
6212 5851 290567 1 1590 570 700
6272 5876 290577 1 1590 570 713
6372 5914 290587 1 1590 570 721
6499 5957 290597 1 1580 560 719
6638 5999 290607 1 1580 560 700
6770 6040 290617 1 1590 550 595
6896 6056 290627 1 1580 550 353
6989 5972 290698 0 1620 540 139
6935 5833 290708 1 1620 540 374
6917 5822 290718 1 1620 540 444
6923 5810 290728 1 1630 550 497
6943 5793 290738 1 1630 550 572
6988 5772 290748 1 1630 550 630
7038 5772 290758 1 1620 560 663
7109 5772 290768 1 1630 560 693
7192 5788 290778 1 1630 570 696
7302 5817 290788 1 1630 570 702
7413 5865 290798 1 1630 570 707
7525 5925 290808 1 1630 570 711
7618 5990 290818 1 1630 570 713
7701 6054 290828 1 1630 570 714
7756 6115 290838 1 1640 570 716
7777 6170 290848 1 1640 570 717
7777 6218 290858 1 1640 570 721
7753 6258 290868 1 1640 570 731
7707 6275 290878 1 1640 570 725
7646 6275 290888 1 1650 560 730
7559 6247 290898 1 1660 560 757
7468 6192 290908 1 1670 550 790
7373 6120 290918 1 1670 550 823
7297 6027 290928 1 1670 550 845
7251 5919 290938 1 1670 540 853
7224 5802 290948 1 1670 540 876
7239 5723 290958 1 1670 540 899
7289 5663 290968 1 1670 540 905
7362 5617 290978 1 1670 550 920
7473 5599 290988 1 1670 550 923
7626 5621 290998 1 1650 550 912
7808 5669 291008 1 1650 560 893
8032 5743 291018 1 1650 560 866
8238 5835 291028 1 1640 570 829
8432 5938 291038 1 1640 570 791
8595 6043 291048 1 1640 570 780
8724 6157 291058 1 1640 570 777
8829 6278 291068 1 1640 570 784
8882 6382 291078 1 1640 570 788
8896 6450 291088 1 1660 570 806
8896 6450 291098 1 1660 570 817
8896 6450 291108 1 1660 570 815
8817 6499 291118 1 1670 570 829
8756 6475 291128 1 1670 570 836
8679 6418 291138 1 1680 560 860
8607 6344 291148 1 1690 570 858
8537 6259 291158 1 1700 560 869
8494 6182 291168 1 1700 560 876
8469 6111 291178 1 1700 550 887
8457 6043 291188 1 1700 550 894
8457 5974 291198 1 1700 550 909
8484 5906 291208 1 1700 550 914
8527 5839 291218 1 1700 550 941
8602 5787 291228 1 1700 550 938
8697 5744 291238 1 1700 560 950
8805 5711 291248 1 1700 560 955
8928 5679 291258 1 1700 560 958
9027 5648 291268 1 1690 570 962
9109 5609 291278 1 1690 570 967
9156 5567 291288 1 1690 580 974
9169 5518 291298 1 1690 580 985
9158 5460 291308 1 1680 580 978
9121 5396 291318 1 1680 580 999
9062 5328 291328 1 1680 590 1020
8987 5262 291338 1 1680 590 1023
8880 5204 291348 1 1680 600 1023
8758 5152 291358 1 1680 600 1023
8626 5111 291368 1 1680 600 1023
8465 5075 291378 1 1680 600 1023
8294 5043 291388 1 1680 600 1023
8117 5017 291398 1 1680 600 1023
7972 4998 291408 1 1680 600 1023
7829 4984 291418 1 1680 600 1023
7723 4978 291428 1 1660 600 1023
7641 4984 291438 1 1660 590 1000
7589 4997 291448 1 1650 590 944
7555 5013 291458 1 1650 590 851
7534 5032 291468 1 1630 590 652
