161
3092 5047 52486551 0 1350 760 302
2950 5019 52486561 1 1350 720 324
2865 5066 52486571 1 1350 680 335
2865 5066 52486581 1 1350 630 322
2865 5066 52486591 1 1340 610 329
2865 5066 52486601 1 1350 590 364
3003 5096 52486611 1 1340 570 410
3159 5115 52486621 1 1350 550 438
3343 5140 52486631 1 1360 540 449
3559 5162 52486641 1 1350 520 446
3796 5184 52486651 1 1360 500 379
4005 5207 52486661 1 1350 500 85
3895 6044 52486761 0 1380 480 414
3798 5929 52486771 1 1390 470 428
3726 5865 52486781 1 1390 470 448
3684 5801 52486791 1 1390 470 480
3661 5613 52486801 1 1390 470 522
3654 5342 52486811 1 1390 470 560
3648 5015 52486821 1 1380 470 591
3642 4606 52486831 1 1390 460 611
3642 4121 52486841 1 1380 470 619
3642 3586 52486851 1 1380 470 611
3666 3086 52486861 1 1380 480 580
3706 2716 52486871 1 1360 490 507
3758 2433 52486881 1 1350 500 387
3801 2360 52486891 1 1330 510 148
3408 4538 52487012 0 1230 530 249
3408 4538 52487022 1 1230 530 247
3205 4413 52487032 1 1230 520 246
3042 4217 52487042 1 1240 520 240
2873 4015 52487052 1 1240 520 188
2747 3803 52487062 1 1260 510 58
3466 4693 52487142 0 1280 490 279
3722 4746 52487152 1 1280 490 309
3758 4734 52487162 1 1280 490 400
3827 4701 52487172 1 1280 490 455
3918 4651 52487182 1 1280 490 480
4019 4600 52487192 1 1280 490 486
4144 4563 52487202 1 1290 500 464
4284 4535 52487212 1 1290 500 368
4440 4509 52487222 1 1290 500 58
4776 5285 52487372 0 1310 460 522
4878 5046 52487382 1 1310 460 538
4884 5059 52487392 1 1310 460 538
4857 5138 52487402 1 1300 450 544
5023 5166 52487412 1 1290 430 536
5256 5225 52487422 1 1280 410 537
5533 5268 52487432 1 1280 400 540
5813 5290 52487442 1 1280 400 430
6017 5302 52487452 1 1290 410 252
5885 6360 52487563 0 1440 490 550
5861 6160 52487573 1 1440 490 444
5790 6133 52487583 1 1440 490 439
5769 6191 52487593 1 1450 480 469
5782 6035 52487603 1 1450 480 514
5810 5762 52487613 1 1440 480 567
5838 5412 52487623 1 1440 480 584
5838 4926 52487633 1 1450 470 591
5808 4350 52487643 1 1450 470 591
5787 3715 52487653 1 1430 480 526
5797 3201 52487663 1 1440 480 381
5828 2837 52487673 1 1430 490 180
5626 4601 52487783 0 1310 550 458
5626 4601 52487793 1 1310 550 473
5535 4606 52487803 1 1310 550 465
5339 4576 52487813 1 1300 540 467
5099 4409 52487823 1 1300 540 467
4876 4173 52487833 1 1300 530 464
4643 3890 52487843 1 1310 520 439
4403 3629 52487853 1 1300 520 269
4994 4414 52487923 0 1300 510 250
5436 4621 52487933 1 1300 510 325
5557 4643 52487943 1 1300 510 422
5692 4593 52487953 1 1290 510 461
5829 4496 52487963 1 1300 520 469
5967 4368 52487973 1 1300 520 438
6103 4237 52487983 1 1300 520 66
7513 5612 52488203 0 1410 520 554
7513 5612 52488213 1 1410 520 580
7501 5767 52488223 1 1410 520 577
7521 5755 52488233 1 1410 520 581
7547 5695 52488243 1 1430 510 584
7612 5604 52488253 1 1450 480 584
7702 5497 52488263 1 1470 460 575
7798 5345 52488273 1 1480 430 456
7869 5162 52488283 1 1490 430 55
7574 3904 52488374 0 1440 480 344
7500 3546 52488384 1 1440 490 359
7319 3443 52488394 1 1420 500 389
7214 3372 52488404 1 1410 510 407
7160 3319 52488414 1 1400 520 418
7174 3329 52488424 1 1390 520 418
7236 3382 52488434 1 1390 520 422
7330 3494 52488444 1 1360 520 420
7452 3636 52488454 1 1360 520 402
7595 3797 52488464 1 1350 530 344
8372 5606 52488614 0 1450 480 473
8279 5464 52488624 1 1460 480 467
8148 5500 52488634 1 1470 470 467
8061 5455 52488644 1 1470 460 472
8061 5357 52488654 1 1480 450 477
8112 5183 52488664 1 1470 450 486
8157 5023 52488674 1 1470 450 496
8204 4873 52488684 1 1470 450 498
8272 4761 52488694 1 1490 440 488
8352 4718 52488704 1 1480 450 498
8419 4718 52488714 1 1480 450 496
8455 4744 52488724 1 1480 460 491
8470 4783 52488734 1 1480 470 490
8470 4783 52488744 1 1480 470 468
8476 4885 52488754 1 1480 480 377
8487 4937 52488764 1 1470 490 275
8502 5003 52488774 1 1480 500 206
8513 5079 52488784 1 1480 500 222
8522 5159 52488794 1 1480 500 242
8551 5237 52488804 1 1470 510 287
8607 5310 52488814 1 1470 510 339
8681 5389 52488824 1 1470 510 382
8830 5471 52488834 1 1470 510 428
9036 5541 52488844 1 1480 510 488
9281 5593 52488854 1 1480 510 539
9540 5633 52488864 1 1480 510 588
9778 5647 52488874 1 1490 520 647
10001 5647 52488884 1 1500 510 684
10187 5626 52488894 1 1500 510 700
10348 5585 52488904 1 1510 510 719
10493 5541 52488914 1 1530 520 728
10600 5472 52488924 1 1520 530 731
10653 5388 52488934 1 1530 530 721
10669 5279 52488944 1 1540 530 720
10620 5157 52488954 1 1560 530 728
10527 5027 52488964 1 1570 540 702
10405 4895 52488974 1 1580 540 630
10276 4760 52488984 1 1600 540 456
7993 4064 52489105 0 1510 530 404
7993 4064 52489115 1 1490 530 423
7993 4064 52489125 1 1480 530 440
8178 4149 52489135 1 1460 520 496
8406 4256 52489145 1 1460 520 562
8700 4396 52489155 1 1460 520 613
9034 4539 52489165 1 1440 510 640
9394 4647 52489175 1 1440 510 647
9733 4732 52489185 1 1460 520 641
10005 4806 52489195 1 1450 530 617
10232 4870 52489205 1 1450 530 492
10379 4928 52489215 1 1460 530 180
9468 6702 52489345 0 1580 520 501
9468 6702 52489355 1 1600 500 427
9468 6702 52489365 1 1610 490 444
9468 6702 52489375 1 1600 480 473
9468 6702 52489385 1 1580 470 535
9420 6480 52489395 1 1570 470 628
9414 6164 52489405 1 1580 460 699
9363 5763 52489415 1 1570 460 755
9286 5267 52489425 1 1570 460 759
9180 4618 52489435 1 1580 450 767
9075 3868 52489445 1 1580 450 757
9009 3117 52489455 1 1560 450 733
8967 2447 52489465 1 1540 470 699
8932 1830 52489475 1 1540 490 613
8944 1424 52489485 1 1510 510 314
