232
3882 5988 222770 0 1270 480 522
3882 5988 222780 1 1280 480 489
3882 5988 222790 1 1300 500 491
3882 5988 222800 1 1320 500 498
3882 5988 222810 1 1330 510 494
3961 6077 222820 1 1340 510 519
3989 6136 222830 1 1360 520 533
4003 6192 222840 1 1370 530 544
4003 6245 222850 1 1390 540 551
4003 6294 222860 1 1400 540 554
3981 6339 222870 1 1410 550 557
3953 6381 222880 1 1430 550 561
3922 6419 222890 1 1440 560 564
3883 6451 222900 1 1450 560 568
3839 6458 222910 1 1470 560 567
3785 6448 222920 1 1470 560 580
3711 6397 222930 1 1480 570 592
3623 6314 222940 1 1490 560 622
3534 6210 222950 1 1490 560 656
3447 6076 222960 1 1490 560 688
3364 5921 222970 1 1480 570 710
3289 5752 222980 1 1470 560 720
3248 5640 222990 1 1470 560 725
3228 5561 223000 1 1460 570 725
3243 5503 223010 1 1460 570 725
3278 5464 223020 1 1460 570 728
3325 5445 223030 1 1440 580 725
3394 5440 223040 1 1440 580 721
3483 5489 223050 1 1440 580 731
3586 5573 223060 1 1430 590 721
3698 5681 223070 1 1420 580 710
3803 5791 223080 1 1420 580 710
3864 5892 223090 1 1430 590 717
3898 5988 223100 1 1430 590 724
3905 6045 223110 1 1430 590 736
3905 6072 223120 1 1430 590 753
3897 6080 223130 1 1430 590 759
3897 6080 223140 1 1430 590 753
3897 6067 223150 1 1450 590 756
3881 6055 223160 1 1450 590 774
3860 5951 223170 1 1460 580 785
3810 5792 223180 1 1460 580 796
3747 5597 223190 1 1460 580 790
3674 5407 223200 1 1470 580 806
3600 5214 223210 1 1470 580 821
3527 5018 223220 1 1470 580 832
3457 4833 223230 1 1460 580 822
3376 4672 223240 1 1460 580 839
3288 4526 223250 1 1460 580 858
3182 4395 223260 1 1450 590 853
3048 4262 223270 1 1420 590 860
2894 4143 223280 1 1420 590 863
2738 4034 223290 1 1410 600 869
2572 3960 223300 1 1390 610 876
2399 3918 223310 1 1390 610 878
2247 3897 223320 1 1360 610 881
2089 3903 223330 1 1350 620 875
1944 3941 223340 1 1350 620 869
1809 4001 223350 1 1340 610 824
1696 4086 223360 1 1340 610 788
1618 4185 223370 1 1340 610 702
1562 4294 223380 1 1320 610 546
1570 4399 223390 1 1320 610 249
4744 5779 223591 0 1430 550 474
4833 5790 223601 1 1450 550 469
4840 5821 223611 1 1450 550 465
4840 5849 223621 1 1450 550 468
4868 5911 223631 1 1460 550 464
4890 5997 223641 1 1460 550 464
4905 6044 223651 1 1480 560 473
4905 6118 223661 1 1480 560 473
4897 6210 223671 1 1490 560 495
4877 6266 223681 1 1490 560 530
4836 6299 223691 1 1510 560 564
4773 6317 223701 1 1510 560 574
4696 6300 223711 1 1510 560 605
4611 6245 223721 1 1510 560 641
4530 6166 223731 1 1510 560 670
4434 6039 223741 1 1510 560 699
4325 5894 223751 1 1510 560 710
4246 5737 223761 1 1510 560 721
4202 5634 223771 1 1510 560 727
4181 5561 223781 1 1510 560 724
4195 5507 223791 1 1490 560 724
4244 5474 223801 1 1490 560 722
4316 5474 223811 1 1470 560 702
4421 5503 223821 1 1470 560 667
4554 5584 223831 1 1460 570 647
4706 5683 223841 1 1440 570 613
4847 5793 223851 1 1430 570 619
4944 5901 223861 1 1430 570 611
5012 5997 223871 1 1420 570 625
5047 6038 223881 1 1420 570 647
5054 6047 223891 1 1430 560 652
5043 6047 223901 1 1430 560 665
5043 6038 223911 1 1430 560 691
5043 5968 223921 1 1440 570 713
5031 5855 223931 1 1440 570 731
5017 5736 223941 1 1440 570 730
5022 5641 223951 1 1440 570 743
5033 5563 223961 1 1470 560 754
5065 5496 223971 1 1470 560 761
5108 5452 223981 1 1470 560 753
5178 5424 223991 1 1480 570 753
5271 5431 224001 1 1480 570 750
5379 5481 224011 1 1470 580 746
5508 5559 224021 1 1470 580 730
5650 5666 224031 1 1470 580 694
5800 5794 224041 1 1460 580 678
5922 5935 224051 1 1460 580 667
6010 6080 224061 1 1470 590 669
6076 6199 224071 1 1470 590 690
6119 6300 224081 1 1470 590 713
6134 6343 224091 1 1490 590 733
6134 6359 224101 1 1490 590 746
6129 6359 224111 1 1500 580 746
6129 6353 224121 1 1520 590 742
6115 6343 224131 1 1530 580 750
6094 6269 224141 1 1540 580 779
6047 6155 224151 1 1540 580 788
5999 6006 224161 1 1550 580 821
5951 5847 224171 1 1570 580 822
5913 5681 224181 1 1570 580 828
5880 5558 224191 1 1570 570 828
5873 5465 224201 1 1570 580 825
5881 5391 224211 1 1570 580 818
5912 5352 224221 1 1570 580 820
5964 5346 224231 1 1560 590 771
6030 5362 224241 1 1560 590 676
6113 5432 224251 1 1540 580 513
6186 5500 224261 1 1530 590 280
6177 5615 224282 0 1520 600 67
6055 5718 224292 1 1520 600 241
5982 5763 224302 1 1510 610 400
5906 5804 224312 1 1510 610 490
5820 5830 224322 1 1510 610 554
5728 5847 224332 1 1510 610 634
5667 5854 224342 1 1510 610 690
5636 5854 224352 1 1510 610 714
5625 5854 224362 1 1520 600 716
5631 5854 224372 1 1520 600 721
5667 5854 224382 1 1510 600 751
5723 5854 224392 1 1520 590 762
5840 5854 224402 1 1520 590 784
5977 5869 224412 1 1530 580 785
6126 5895 224422 1 1530 580 780
6279 5921 224432 1 1530 580 751
6411 5946 224442 1 1540 570 684
6529 5954 224452 1 1540 570 570
6599 5954 224462 1 1540 560 430
6633 5954 224472 1 1540 560 335
6644 5948 224482 1 1540 560 325
6630 5937 224492 1 1550 550 371
6604 5921 224502 1 1550 550 422
6571 5901 224512 1 1550 550 509
6540 5877 224522 1 1550 550 567
6530 5851 224532 1 1550 550 617
6535 5822 224542 1 1550 550 673
6551 5778 224552 1 1540 560 714
6592 5742 224562 1 1540 560 740
6650 5711 224572 1 1540 560 754
6738 5704 224582 1 1540 570 767
6852 5727 224592 1 1540 570 767
6984 5770 224602 1 1530 580 767
7096 5835 224612 1 1530 580 767
7197 5910 224622 1 1530 590 767
7291 5991 224632 1 1530 590 768
7350 6058 224642 1 1530 590 762
7377 6115 224652 1 1550 600 762
7383 6165 224662 1 1550 600 762
7365 6210 224672 1 1570 600 762
7320 6236 224682 1 1570 600 760
7257 6250 224692 1 1570 600 763
7174 6223 224702 1 1580 600 771
7074 6153 224712 1 1580 600 794
6963 6054 224722 1 1580 600 803
6855 5928 224732 1 1610 600 822
6785 5802 224742 1 1610 600 849
6739 5679 224752 1 1610 600 853
6739 5589 224762 1 1610 590 864
6771 5518 224772 1 1600 580 875
6827 5468 224782 1 1600 580 882
6924 5451 224792 1 1600 580 887
7045 5451 224802 1 1570 590 875
7183 5503 224812 1 1570 590 855
7365 5579 224822 1 1570 600 817
7549 5675 224832 1 1550 600 774
7718 5773 224842 1 1540 600 734
7875 5884 224852 1 1540 600 711
8007 6004 224862 1 1530 610 699
8099 6116 224872 1 1530 610 699
8165 6230 224882 1 1530 610 707
8200 6308 224892 1 1550 620 727
8200 6361 224902 1 1550 620 740
8182 6375 224912 1 1550 620 761
8154 6384 224922 1 1560 620 762
8110 6361 224932 1 1570 610 794
8055 6319 224942 1 1590 610 812
7996 6246 224943 1 1600 600 822
7942 6160 224953 1 1600 600 834
7895 6066 224963 1 1620 600 849
7868 5967 224973 1 1620 600 858
7854 5872 224983 1 1630 590 853
7876 5791 224993 1 1650 590 869
7925 5718 225003 1 1650 590 882
7991 5654 225013 1 1650 590 893
8078 5598 225023 1 1650 590 897
8167 5547 225033 1 1650 590 905
8258 5495 225043 1 1640 600 892
8351 5442 225053 1 1640 600 897
8447 5389 225063 1 1630 610 899
8517 5336 225073 1 1630 610 900
8569 5288 225083 1 1630 620 911
8583 5244 225093 1 1610 620 930
8566 5205 225103 1 1600 630 933
8528 5161 225113 1 1600 630 953
8456 5108 225123 1 1590 640 979
8347 5056 225133 1 1590 640 991
8213 5008 225143 1 1580 640 1015
8064 4964 225153 1 1580 640 1023
7886 4919 225163 1 1580 640 1023
7688 4877 225173 1 1580 640 1023
7493 4836 225183 1 1580 640 1023
7298 4794 225193 1 1570 650 1023
7133 4759 225203 1 1570 650 1023
6988 4727 225213 1 1570 650 1023
6880 4708 225223 1 1540 660 1023
6802 4702 225233 1 1540 660 1023
6743 4702 225243 1 1520 650 994
6714 4715 225253 1 1520 650 909
6690 4735 225263 1 1500 650 722
6675 4762 225273 1 1470 650 93
