183
1841 5627 8741509 0 1320 610 222
1791 5630 8741519 1 1310 610 289
1759 5669 8741529 1 1290 590 305
1759 5696 8741539 1 1280 570 337
1759 5733 8741549 1 1290 560 367
1794 5798 8741559 1 1290 550 394
1841 5878 8741569 1 1290 530 420
1915 5966 8741579 1 1290 520 443
2020 6052 8741589 1 1290 520 450
2145 6138 8741599 1 1290 520 456
2276 6219 8741609 1 1290 520 461
2390 6273 8741619 1 1300 530 461
2492 6308 8741629 1 1300 530 463
2575 6308 8741639 1 1300 530 473
2635 6281 8741649 1 1300 530 468
2680 6228 8741659 1 1310 520 466
2687 6136 8741669 1 1310 520 466
2643 5997 8741679 1 1310 520 463
2566 5826 8741689 1 1330 520 469
2455 5662 8741699 1 1330 520 464
2332 5494 8741709 1 1330 520 499
2202 5315 8741719 1 1330 510 541
2069 5130 8741729 1 1330 510 568
1941 4964 8741739 1 1330 510 586
1860 4845 8741749 1 1320 510 588
1809 4757 8741759 1 1330 520 586
1809 4748 8741769 1 1310 520 584
1852 4769 8741779 1 1310 520 592
1926 4811 8741789 1 1300 530 595
2053 4893 8741799 1 1300 530 585
2192 4967 8741809 1 1300 530 595
2338 5036 8741819 1 1290 530 594
2443 5056 8741829 1 1290 530 595
2516 5041 8741839 1 1290 530 583
2567 5002 8741849 1 1290 530 581
2567 4912 8741859 1 1290 530 564
2516 4774 8741869 1 1290 530 569
2425 4603 8741879 1 1290 530 566
2317 4429 8741889 1 1280 540 577
2211 4267 8741899 1 1280 540 583
2146 4114 8741909 1 1280 540 583
2107 4056 8741919 1 1280 540 557
2118 4036 8741929 1 1270 530 550
2180 4042 8741939 1 1270 530 535
2275 4087 8741949 1 1270 530 515
2409 4134 8741959 1 1270 530 513
2557 4182 8741969 1 1270 530 516
2715 4151 8741979 1 1270 530 546
2819 4037 8741989 1 1280 540 565
2871 3868 8741999 1 1260 540 611
2888 3641 8742009 1 1260 540 627
2863 3411 8742019 1 1260 540 646
2799 3180 8742029 1 1250 550 659
2709 2930 8742039 1 1250 550 647
2583 2678 8742049 1 1240 550 599
2457 2503 8742059 1 1240 550 497
2371 2381 8742069 1 1240 550 282
2826 4829 8742160 0 1190 560 228
3206 5277 8742170 1 1180 560 274
3378 5488 8742180 1 1200 550 291
3552 5661 8742190 1 1200 550 348
3732 5813 8742200 1 1200 540 394
3915 5950 8742210 1 1220 540 412
4075 6053 8742220 1 1230 530 425
4210 6124 8742230 1 1240 530 438
4327 6173 8742240 1 1250 530 441
4407 6197 8742250 1 1270 520 428
4450 6187 8742260 1 1280 520 415
4468 6155 8742270 1 1290 510 392
4447 6070 8742280 1 1290 510 351
4380 5902 8742290 1 1300 510 281
4281 5679 8742300 1 1300 510 214
4116 5389 8742310 1 1300 510 206
3933 5016 8742320 1 1320 500 255
3738 4589 8742330 1 1320 500 387
3550 4202 8742340 1 1300 510 478
3467 3954 8742350 1 1300 510 490
3453 3800 8742360 1 1300 510 496
3498 3701 8742370 1 1290 510 492
3581 3678 8742380 1 1280 520 527
3688 3706 8742390 1 1280 520 563
3819 3813 8742400 1 1270 520 594
3977 3986 8742410 1 1240 520 616
4152 4202 8742420 1 1240 520 611
4348 4469 8742430 1 1230 520 613
4542 4753 8742440 1 1230 520 617
4734 5049 8742450 1 1220 530 592
4896 5369 8742460 1 1230 530 543
5015 5693 8742470 1 1230 530 498
5105 6019 8742480 1 1230 530 449
5158 6316 8742490 1 1240 530 430
5167 6572 8742500 1 1250 540 425
5147 6801 8742510 1 1270 530 456
5114 6985 8742520 1 1280 530 488
5030 7037 8742530 1 1290 520 493
4911 7001 8742540 1 1300 520 490
4753 6843 8742550 1 1320 510 493
4557 6586 8742560 1 1330 510 491
4336 6262 8742570 1 1340 500 524
4124 5854 8742580 1 1340 500 577
3924 5371 8742590 1 1350 500 616
3772 4839 8742600 1 1350 500 656
3648 4239 8742610 1 1350 500 667
3617 3735 8742620 1 1350 500 691
3679 3296 8742630 1 1340 500 702
3804 2995 8742640 1 1340 500 697
3963 2836 8742650 1 1330 510 708
4167 2772 8742660 1 1320 510 710
4400 2827 8742670 1 1290 510 719
4622 2970 8742680 1 1280 520 716
4837 3173 8742690 1 1250 530 717
5047 3437 8742700 1 1240 530 694
5229 3731 8742710 1 1230 530 655
5344 4046 8742720 1 1220 540 606
5415 4326 8742730 1 1200 540 557
5389 4514 8742740 1 1190 540 530
5269 4640 8742750 1 1190 540 532
5086 4667 8742760 1 1190 540 540
4870 4610 8742770 1 1190 540 554
4651 4497 8742780 1 1190 540 614
4430 4356 8742790 1 1200 540 637
4350 4272 8742800 1 1200 540 649
4374 4226 8742810 1 1220 540 664
4466 4133 8742820 1 1230 530 682
4670 4025 8742830 1 1230 530 693
4943 3907 8742840 1 1230 530 702
5262 3777 8742850 1 1240 530 708
5586 3681 8742860 1 1250 530 717
5872 3608 8742870 1 1270 530 722
6132 3549 8742880 1 1270 530 669
6379 3508 8742890 1 1270 530 561
6619 3478 8742900 1 1260 540 381
6646 5117 8743071 0 1240 520 344
6664 5220 8743081 1 1250 510 361
6650 5334 8743091 1 1250 500 362
6676 5393 8743101 1 1260 480 376
6771 5452 8743111 1 1260 480 413
6911 5512 8743121 1 1260 470 450
7063 5578 8743131 1 1270 480 509
7278 5644 8743141 1 1270 480 543
7536 5731 8743151 1 1280 480 559
7841 5831 8743161 1 1280 480 569
8107 5951 8743171 1 1290 490 583
8347 6038 8743181 1 1300 500 589
8567 6104 8743191 1 1330 500 578
8706 6122 8743201 1 1340 500 536
8790 6085 8743211 1 1360 500 510
8782 6011 8743221 1 1370 510 480
8681 5857 8743231 1 1380 510 474
8517 5673 8743241 1 1410 510 465
8297 5468 8743251 1 1410 510 481
8063 5229 8743261 1 1420 520 524
7820 5009 8743271 1 1420 520 586
7605 4803 8743281 1 1420 520 624
7473 4663 8743291 1 1420 520 636
7397 4569 8743301 1 1420 520 641
7386 4507 8743311 1 1410 520 646
7423 4477 8743321 1 1410 520 673
7492 4469 8743331 1 1410 520 681
7618 4477 8743341 1 1400 530 699
7800 4533 8743351 1 1400 530 691
8018 4621 8743361 1 1370 530 708
8237 4731 8743371 1 1370 530 717
8486 4870 8743381 1 1360 540 721
8755 5005 8743391 1 1370 540 716
8979 5067 8743401 1 1370 540 700
9095 5083 8743411 1 1370 540 655
9140 5021 8743421 1 1400 540 589
9081 4866 8743431 1 1400 540 514
8897 4649 8743441 1 1410 550 491
8629 4399 8743451 1 1410 550 499
8295 4109 8743461 1 1430 550 577
7946 3792 8743471 1 1430 550 678
7588 3499 8743481 1 1440 560 771
7283 3262 8743491 1 1440 560 833
7123 3063 8743501 1 1440 560 858
7059 2970 8743511 1 1440 560 899
7123 2913 8743521 1 1440 560 929
7343 2881 8743531 1 1440 560 942
7666 2932 8743541 1 1450 560 933
8137 3047 8743551 1 1450 560 921
8673 3206 8743561 1 1450 560 834
9252 3370 8743571 1 1450 560 614
