167
1827 7160 75823999 0 1300 670 319
1857 7136 75824009 1 1320 650 322
1845 7059 75824019 1 1300 630 325
1862 6900 75824029 1 1290 610 335
1879 6686 75824039 1 1290 600 353
1896 6419 75824049 1 1280 590 427
1904 6068 75824059 1 1280 580 510
1904 5662 75824069 1 1270 570 589
1889 5254 75824079 1 1270 570 636
1871 4840 75824089 1 1260 580 667
1854 4422 75824099 1 1240 580 694
1854 4069 75824109 1 1240 600 690
1861 3781 75824119 1 1200 600 690
1881 3537 75824129 1 1190 610 693
1899 3400 75824139 1 1150 620 691
1909 3326 75824149 1 1120 620 694
1914 3294 75824159 1 1100 630 688
1914 3302 75824169 1 1060 630 687
1901 3395 75824179 1 1040 630 682
1879 3545 75824189 1 1020 630 670
1859 3807 75824199 1 980 640 670
1842 4152 75824209 1 980 640 667
1842 4552 75824219 1 960 640 662
1861 4981 75824229 1 960 640 668
1896 5405 75824239 1 960 630 659
1961 5827 75824249 1 960 630 659
2046 6141 75824259 1 980 630 661
2147 6377 75824269 1 1000 630 653
2248 6560 75824279 1 1040 620 638
2354 6693 75824289 1 1050 620 647
2467 6778 75824299 1 1090 620 639
2590 6830 75824309 1 1110 610 636
2725 6830 75824319 1 1140 610 638
2868 6750 75824329 1 1160 600 645
3007 6623 75824339 1 1170 590 638
3126 6433 75824349 1 1200 580 644
3232 6206 75824359 1 1210 580 652
3292 5954 75824369 1 1230 580 668
3308 5689 75824379 1 1230 580 672
3294 5438 75824389 1 1230 580 688
3241 5197 75824399 1 1240 570 697
3145 4983 75824409 1 1230 580 699
3019 4802 75824419 1 1230 580 711
2886 4642 75824429 1 1210 580 714
2738 4550 75824439 1 1200 580 713
2579 4516 75824449 1 1190 580 714
2417 4516 75824459 1 1170 580 717
2276 4574 75824469 1 1170 580 717
2149 4646 75824479 1 1160 580 725
2051 4731 75824489 1 1160 580 724
1992 4812 75824499 1 1140 590 724
1959 4884 75824509 1 1130 590 730
1959 4915 75824519 1 1130 590 724
1986 4921 75824529 1 1130 590 730
2041 4906 75824539 1 1130 590 720
2156 4830 75824549 1 1110 590 721
2303 4714 75824559 1 1110 590 724
2470 4580 75824569 1 1110 590 722
2685 4424 75824579 1 1110 590 730
2901 4253 75824589 1 1110 590 734
3118 4111 75824599 1 1110 590 743
3345 4002 75824609 1 1110 590 742
3564 3914 75824619 1 1110 590 736
3778 3859 75824629 1 1110 590 731
3949 3852 75824639 1 1110 590 730
4120 3878 75824649 1 1090 600 724
4267 3950 75824659 1 1090 600 721
4398 4057 75824669 1 1090 600 730
4492 4188 75824679 1 1090 590 725
4562 4316 75824689 1 1090 590 724
4615 4387 75824699 1 1090 590 727
4626 4419 75824709 1 1080 580 731
4626 4411 75824719 1 1080 580 720
4609 4335 75824729 1 1080 580 724
4602 4215 75824739 1 1080 580 737
4602 4059 75824749 1 1090 570 742
4631 3902 75824759 1 1090 570 745
4681 3745 75824769 1 1090 570 748
4780 3643 75824779 1 1100 560 752
4882 3576 75824789 1 1100 560 754
5007 3561 75824799 1 1100 560 761
5147 3605 75824809 1 1100 560 760
5283 3689 75824819 1 1100 560 760
5386 3816 75824829 1 1100 560 750
5466 3955 75824839 1 1100 560 761
5500 4102 75824849 1 1110 570 755
5490 4269 75824859 1 1110 570 737
5450 4419 75824869 1 1110 570 734
5387 4558 75824879 1 1110 570 736
5293 4623 75824889 1 1110 570 739
5179 4652 75824899 1 1110 570 749
5077 4652 75824909 1 1110 570 758
5007 4639 75824919 1 1110 570 756
4958 4617 75824929 1 1110 570 757
4964 4586 75824939 1 1110 570 779
5030 4536 75824949 1 1110 570 784
5135 4474 75824959 1 1130 570 790
5328 4441 75824969 1 1130 570 796
5572 4441 75824979 1 1130 580 793
5849 4471 75824989 1 1150 580 796
6112 4545 75824999 1 1150 580 788
6388 4667 75825009 1 1150 580 790
6672 4820 75825019 1 1160 580 759
6922 5001 75825029 1 1160 580 728
7102 5181 75825039 1 1160 580 681
7235 5372 75825049 1 1170 590 620
7334 5572 75825059 1 1170 590 551
7379 5767 75825069 1 1170 590 517
7389 5944 75825079 1 1180 600 514
7357 6109 75825089 1 1180 600 515
7288 6152 75825099 1 1190 600 550
7195 6122 75825109 1 1210 590 592
7110 6043 75825119 1 1220 600 637
7031 5870 75825129 1 1220 600 702
6964 5628 75825139 1 1240 600 763
6926 5341 75825149 1 1240 600 815
6906 5028 75825159 1 1240 600 860
6911 4710 75825169 1 1250 590 884
6931 4423 75825179 1 1240 600 908
6961 4159 75825189 1 1240 600 905
7014 3936 75825199 1 1240 600 899
7079 3785 75825209 1 1240 600 891
7153 3681 75825219 1 1240 600 888
7224 3681 75825229 1 1240 600 884
7296 3754 75825239 1 1220 600 878
7371 3882 75825249 1 1200 600 881
7467 4070 75825259 1 1190 610 875
7576 4257 75825269 1 1170 610 875
7730 4376 75825279 1 1170 610 873
7895 4450 75825289 1 1150 620 876
8067 4458 75825299 1 1150 620 881
8212 4408 75825309 1 1140 620 885
8329 4319 75825319 1 1140 620 888
8426 4213 75825329 1 1140 620 890
8492 4115 75825339 1 1140 620 896
8545 4022 75825349 1 1140 620 900
8590 3943 75825359 1 1140 620 900
8645 3883 75825369 1 1140 620 896
8726 3836 75825379 1 1140 620 885
8825 3819 75825389 1 1160 630 852
8964 3840 75825399 1 1160 630 727
9103 3887 75825409 1 1160 630 588
9274 3983 75825419 1 1190 630 475
9466 4102 75825429 1 1190 630 448
9653 4237 75825439 1 1190 630 475
9823 4383 75825449 1 1190 630 559
9982 4437 75825459 1 1200 640 647
10106 4430 75825469 1 1220 630 724
10232 4390 75825479 1 1220 630 754
10363 4331 75825489 1 1220 630 751
10497 4259 75825499 1 1220 630 756
10619 4205 75825509 1 1220 630 757
10733 4169 75825519 1 1240 640 756
10825 4144 75825529 1 1240 640 761
10889 4135 75825539 1 1240 640 742
10933 4130 75825549 1 1240 640 664
10940 4130 75825559 1 1240 640 502
9252 4708 75825651 0 1280 610 569
8960 4629 75825661 1 1260 600 721
8835 4680 75825671 1 1260 600 690
8796 4690 75825681 1 1270 590 676
8813 4672 75825691 1 1270 590 490
8065 4682 75825791 0 1260 580 656
7859 4669 75825801 1 1250 590 656
7802 4659 75825811 1 1250 590 658
7780 4633 75825821 1 1240 600 630
7780 4583 75825831 1 1240 600 6
