140
3054 4786 52409450 0 1370 470 245
3054 4786 52409460 1 1370 470 285
2964 4832 52409470 1 1370 470 296
2948 4851 52409480 1 1370 460 297
2983 4851 52409490 1 1370 460 306
3071 4860 52409500 1 1380 460 332
3197 4898 52409510 1 1380 460 364
3347 4953 52409510 1 1380 460 369
3501 5001 52409520 1 1380 460 371
3660 5049 52409530 1 1380 470 340
3824 5098 52409540 1 1380 470 139
3630 5651 52409660 0 1370 460 449
3595 5556 52409670 1 1360 460 442
3564 5538 52409680 1 1360 460 453
3538 5418 52409690 1 1360 460 468
3557 5193 52409700 1 1360 460 472
3605 4898 52409710 1 1360 460 477
3636 4545 52409720 1 1360 460 483
3655 4121 52409730 1 1350 460 480
3667 3650 52409740 1 1350 460 446
3667 3269 52409750 1 1340 470 338
3677 3002 52409760 1 1340 480 218
3714 2812 52409770 1 1340 490 56
3503 4563 52409881 0 1270 530 349
3503 4563 52409891 1 1270 530 334
3400 4533 52409901 1 1270 530 341
3301 4439 52409911 1 1280 530 344
3181 4273 52409921 1 1280 530 348
3048 4085 52409931 1 1270 520 348
2907 3896 52409941 1 1280 520 348
2802 3755 52409951 1 1280 520 304
2722 3646 52409961 1 1280 520 142
3217 4441 52410031 0 1290 510 190
3440 4633 52410041 1 1290 510 212
3493 4658 52410051 1 1290 510 287
3529 4652 52410061 1 1290 510 361
3621 4604 52410071 1 1290 510 394
3751 4532 52410081 1 1290 510 409
3863 4444 52410091 1 1290 510 389
3976 4352 52410101 1 1290 510 247
4737 5215 52410321 0 1250 470 472
4528 5157 52410331 1 1260 470 485
4482 5198 52410341 1 1260 460 466
4505 5234 52410351 1 1270 450 455
4573 5220 52410361 1 1270 440 453
4777 5173 52410372 1 1280 430 453
4960 5138 52410382 1 1290 440 453
5130 5133 52410392 1 1300 450 425
5333 5147 52410402 1 1320 450 312
5503 5183 52410412 1 1320 460 146
5234 5773 52410522 0 1420 490 391
5215 5520 52410532 1 1420 490 418
5191 5380 52410542 1 1420 490 458
5191 5243 52410552 1 1420 490 478
5191 4913 52410562 1 1420 490 478
5174 4527 52410572 1 1410 490 480
5143 4103 52410582 1 1400 500 480
5089 3704 52410592 1 1400 500 468
5040 3437 52410602 1 1380 500 394
5033 3259 52410612 1 1370 510 115
5046 4575 52410712 0 1290 520 391
5046 4575 52410722 1 1290 520 405
4966 4568 52410732 1 1290 520 409
4810 4499 52410742 1 1280 520 407
4666 4364 52410752 1 1280 520 407
4518 4177 52410762 1 1290 510 405
4367 3990 52410772 1 1290 510 339
4251 3855 52410782 1 1280 500 55
4915 4469 52410852 0 1320 510 257
5211 4613 52410862 1 1320 510 277
5256 4623 52410872 1 1320 510 339
5327 4603 52410882 1 1320 510 381
5415 4546 52410892 1 1320 510 398
5535 4461 52410902 1 1320 510 393
5679 4358 52410912 1 1330 520 249
6568 5160 52411103 0 1360 540 483
6568 5160 52411113 1 1360 540 465
6574 5246 52411123 1 1360 540 472
6508 5295 52411133 1 1360 520 466
6482 5339 52411143 1 1370 520 465
6522 5282 52411153 1 1370 510 468
6605 5157 52411163 1 1370 510 468
6693 5034 52411173 1 1370 510 465
6777 4905 52411183 1 1370 510 413
6857 4767 52411193 1 1380 500 272
6775 3790 52411293 0 1370 530 296
6689 3590 52411303 1 1370 530 364
6593 3550 52411313 1 1390 540 394
6548 3505 52411323 1 1370 540 456
6536 3521 52411333 1 1360 550 440
6536 3579 52411343 1 1350 550 430
6590 3684 52411353 1 1340 550 420
6676 3846 52411363 1 1340 550 379
6810 4046 52411373 1 1340 550 274
6959 4236 52411383 1 1340 550 54
7333 5209 52411493 0 1390 540 356
7350 5050 52411503 1 1410 530 361
7267 4987 52411513 1 1410 530 367
7235 4944 52411523 1 1420 530 362
7206 4757 52411533 1 1420 530 315
7183 4583 52411543 1 1420 530 99
7351 4816 52411643 0 1420 540 200
7403 4999 52411653 1 1420 540 284
7454 5069 52411663 1 1420 540 348
7542 5135 52411673 1 1420 540 402
7674 5201 52411683 1 1420 540 453
7836 5266 52411683 1 1440 540 501
8013 5322 52411693 1 1440 540 540
8171 5337 52411703 1 1450 540 557
8315 5325 52411713 1 1460 540 578
8453 5286 52411723 1 1460 540 591
8567 5242 52411733 1 1460 540 592
8664 5187 52411743 1 1480 540 591
8725 5111 52411753 1 1480 540 591
8746 5021 52411763 1 1500 540 592
8739 4907 52411773 1 1500 540 589
8682 4785 52411783 1 1510 540 574
8591 4659 52411793 1 1510 540 496
8478 4536 52411803 1 1530 550 338
8333 4405 52411813 1 1520 560 101
7428 3949 52411884 0 1520 570 247
7261 3884 52411894 1 1510 560 363
7249 3891 52411904 1 1510 560 389
7274 3916 52411914 1 1510 560 446
7417 3976 52411924 1 1510 560 464
7640 4057 52411934 1 1510 560 477
7916 4151 52411944 1 1490 560 480
8152 4243 52411954 1 1490 560 465
8345 4328 52411964 1 1490 560 327
8125 5902 52412114 0 1570 510 337
8125 5902 52412124 1 1570 500 327
8029 5830 52412134 1 1570 490 339
7990 5778 52412144 1 1580 480 397
7969 5619 52412154 1 1580 480 515
7959 5389 52412164 1 1570 470 591
7950 4998 52412174 1 1570 480 616
7935 4523 52412184 1 1570 480 622
7917 3993 52412194 1 1550 470 605
7917 3489 52412204 1 1550 480 524
7931 3055 52412214 1 1540 490 324
