189
1763 6589 8752705 0 1370 480 22
1708 6603 8752715 1 1360 490 139
1668 6617 8752725 1 1360 490 216
1617 6633 8752735 1 1350 500 247
1590 6643 8752745 1 1340 500 270
1568 6652 8752755 1 1330 510 301
1555 6663 8752765 1 1330 510 304
1555 6680 8752775 1 1320 510 343
1555 6696 8752785 1 1320 510 358
1561 6736 8752795 1 1320 510 369
1621 6792 8752805 1 1320 510 377
1716 6910 8752815 1 1320 510 384
1837 7028 8752825 1 1320 510 389
1981 7145 8752835 1 1320 510 393
2140 7242 8752845 1 1320 510 399
2284 7305 8752855 1 1330 510 407
2398 7345 8752865 1 1330 510 420
2492 7345 8752875 1 1340 500 425
2582 7318 8752885 1 1340 500 418
2651 7269 8752895 1 1360 500 428
2707 7188 8752905 1 1360 500 430
2725 7069 8752915 1 1370 510 436
2712 6926 8752925 1 1380 500 436
2678 6744 8752935 1 1400 510 438
2593 6561 8752945 1 1400 510 441
2482 6335 8752955 1 1410 500 442
2354 6081 8752965 1 1420 500 465
2216 5820 8752975 1 1410 510 491
2089 5608 8752985 1 1410 510 510
1968 5430 8752995 1 1400 520 530
1902 5298 8753006 1 1400 520 546
1876 5244 8753016 1 1390 520 546
1876 5244 8753026 1 1390 520 554
1895 5257 8753036 1 1370 530 561
1964 5330 8753046 1 1370 530 568
2066 5441 8753056 1 1360 540 560
2204 5555 8753066 1 1340 540 567
2347 5661 8753076 1 1340 540 567
2484 5730 8753086 1 1330 540 564
2616 5779 8753096 1 1310 550 561
2711 5773 8753106 1 1310 550 559
2749 5719 8753116 1 1300 550 540
2749 5632 8753126 1 1300 550 526
2688 5475 8753136 1 1300 550 516
2575 5282 8753146 1 1300 550 519
2428 5064 8753156 1 1300 550 527
2274 4835 8753166 1 1300 550 541
2121 4630 8753176 1 1300 550 556
1969 4442 8753186 1 1300 550 563
1872 4294 8753196 1 1300 550 564
1840 4230 8753206 1 1300 550 554
1850 4223 8753216 1 1300 550 535
1954 4269 8753226 1 1300 550 488
2115 4368 8753236 1 1300 550 477
2315 4502 8753246 1 1300 550 491
2508 4598 8753256 1 1300 550 491
2661 4610 8753266 1 1300 550 501
2787 4565 8753276 1 1300 550 515
2858 4435 8753286 1 1290 560 527
2877 4234 8753296 1 1300 560 544
2860 3986 8753306 1 1300 560 546
2806 3719 8753316 1 1280 570 567
2714 3468 8753326 1 1280 570 585
2597 3227 8753336 1 1280 570 595
2466 2968 8753346 1 1280 570 588
2337 2749 8753356 1 1270 570 548
2240 2557 8753366 1 1270 570 460
2164 2495 8753376 1 1270 570 170
2310 4220 8753426 0 1240 580 49
2629 4915 8753436 1 1240 580 180
2762 5139 8753446 1 1230 580 158
2873 5424 8753456 1 1240 570 155
2986 5589 8753466 1 1240 570 160
3106 5674 8753476 1 1230 560 179
3231 5804 8753486 1 1250 560 181
3388 5945 8753496 1 1260 560 230
3547 6093 8753506 1 1270 550 275
3704 6209 8753516 1 1290 550 296
3859 6297 8753526 1 1300 540 315
3955 6366 8753536 1 1300 530 332
4013 6384 8753546 1 1310 520 332
4046 6352 8753556 1 1330 520 317
4039 6288 8753566 1 1340 510 225
3989 6136 8753576 1 1340 510 115
3910 5905 8753586 1 1350 510 78
3801 5621 8753596 1 1350 510 86
3673 5300 8753606 1 1350 510 172
3532 4974 8753616 1 1350 510 287
3425 4645 8753626 1 1350 510 399
3363 4434 8753636 1 1350 510 440
3332 4278 8753646 1 1340 510 442
3351 4158 8753656 1 1340 510 450
3407 4110 8753666 1 1330 520 461
3488 4125 8753676 1 1310 520 465
3603 4183 8753686 1 1310 520 468
3733 4331 8753696 1 1300 530 471
3872 4529 8753706 1 1300 530 465
4009 4761 8753716 1 1290 530 461
4138 5040 8753726 1 1280 530 443
4261 5346 8753736 1 1270 530 418
4359 5669 8753746 1 1270 530 384
4431 5998 8753756 1 1270 530 346
4485 6293 8753766 1 1270 530 340
4500 6566 8753776 1 1280 530 339
4474 6723 8753786 1 1280 530 346
4421 6794 8753796 1 1290 520 361
4332 6807 8753806 1 1300 520 364
4219 6753 8753816 1 1320 510 361
4091 6604 8753826 1 1320 510 384
3962 6393 8753836 1 1330 510 420
3833 6090 8753846 1 1330 500 468
3708 5696 8753856 1 1340 500 527
3593 5242 8753866 1 1340 500 567
3527 4718 8753876 1 1350 500 578
3493 4254 8753886 1 1350 500 584
3498 3829 8753896 1 1340 500 609
3552 3567 8753906 1 1340 500 628
3639 3430 8753916 1 1330 510 667
3776 3377 8753926 1 1320 510 664
3916 3369 8753936 1 1300 520 664
4062 3452 8753946 1 1290 520 666
4214 3597 8753956 1 1280 530 671
4359 3823 8753966 1 1280 530 637
4466 4102 8753976 1 1270 530 617
4551 4416 8753986 1 1250 540 540
4596 4706 8753996 1 1250 540 456
4589 4934 8754006 1 1240 540 448
4547 5120 8754016 1 1230 550 440
4449 5168 8754026 1 1230 550 469
4311 5139 8754036 1 1230 550 515
4145 5059 8754046 1 1230 550 574
4028 4932 8754056 1 1230 550 611
4014 4803 8754066 1 1230 530 665
4068 4672 8754076 1 1230 530 678
4231 4542 8754086 1 1240 540 676
4457 4413 8754096 1 1250 540 682
4725 4285 8754106 1 1250 540 679
5018 4169 8754116 1 1250 540 676
5312 4107 8754126 1 1250 540 647
5616 4080 8754136 1 1260 540 567
5927 4065 8754146 1 1250 550 427
6156 4104 8754156 1 1260 560 190
6250 5630 8754308 0 1260 580 452
6194 5645 8754318 1 1240 570 438
6169 5725 8754328 1 1260 570 377
6211 5772 8754338 1 1260 570 377
6306 5799 8754348 1 1270 560 381
6435 5866 8754368 1 1260 560 413
6598 5941 8754378 1 1270 550 467
6811 6022 8754388 1 1290 560 512
7058 6113 8754398 1 1300 550 524
7305 6188 8754408 1 1300 550 535
7515 6260 8754418 1 1320 550 538
7701 6335 8754428 1 1320 550 535
7832 6335 8754438 1 1350 550 492
7888 6290 8754448 1 1350 550 453
7895 6207 8754458 1 1350 550 396
7810 6066 8754468 1 1360 560 371
7663 5877 8754478 1 1360 560 361
7475 5657 8754488 1 1380 570 407
7260 5454 8754498 1 1380 570 488
7093 5280 8754508 1 1400 560 530
6959 5125 8754518 1 1390 570 540
6887 5024 8754528 1 1390 570 543
6847 4964 8754538 1 1390 570 565
6828 4932 8754548 1 1390 580 591
6846 4932 8754558 1 1390 580 645
6914 4958 8754568 1 1390 580 663
7014 5007 8754578 1 1380 590 694
7149 5087 8754588 1 1380 590 707
7312 5177 8754598 1 1360 600 731
7494 5273 8754608 1 1360 600 733
7679 5369 8754618 1 1360 600 728
7858 5417 8754628 1 1350 600 700
7975 5433 8754638 1 1350 600 639
8052 5389 8754648 1 1350 600 565
8043 5281 8754658 1 1350 600 495
7928 5130 8754668 1 1360 610 467
7741 4915 8754678 1 1360 610 491
7482 4666 8754688 1 1350 620 613
7199 4394 8754698 1 1350 620 751
6899 4113 8754708 1 1350 620 827
6710 3916 8754718 1 1350 620 848
6654 3774 8754728 1 1330 620 885
6686 3718 8754738 1 1330 620 929
6878 3741 8754748 1 1330 620 945
7230 3817 8754758 1 1320 630 920
7688 4027 8754768 1 1320 630 796
8313 4283 8754778 1 1330 630 22
