162
1857 5583 8689514 0 1300 520 129
1929 5710 8689524 1 1300 510 168
1973 5764 8689534 1 1320 500 177
2044 5827 8689544 1 1330 500 178
2134 5908 8689554 1 1340 500 205
2247 6001 8689564 1 1350 510 230
2360 6074 8689574 1 1350 510 314
2473 6141 8689584 1 1360 510 325
2593 6199 8689594 1 1360 510 334
2687 6223 8689604 1 1370 520 346
2764 6223 8689614 1 1390 520 353
2810 6194 8689624 1 1390 520 361
2823 6127 8689634 1 1390 520 369
2814 6035 8689644 1 1390 520 373
2770 5906 8689654 1 1400 520 362
2692 5765 8689664 1 1400 520 374
2592 5615 8689675 1 1400 520 409
2497 5477 8689685 1 1400 520 443
2424 5357 8689695 1 1400 520 483
2366 5250 8689705 1 1400 520 490
2346 5204 8689715 1 1400 520 491
2362 5192 8689725 1 1400 520 498
2402 5203 8689735 1 1390 520 498
2470 5231 8689745 1 1370 520 485
2569 5275 8689755 1 1370 520 473
2688 5329 8689765 1 1360 520 431
2773 5347 8689775 1 1360 520 418
2820 5327 8689785 1 1350 530 404
2841 5281 8689795 1 1350 530 404
2808 5173 8689805 1 1350 530 409
2719 5015 8689815 1 1350 530 422
2593 4824 8689825 1 1340 540 443
2463 4633 8689835 1 1340 540 453
2362 4477 8689845 1 1340 540 465
2280 4345 8689855 1 1340 540 465
2235 4260 8689865 1 1340 540 443
2240 4235 8689875 1 1330 540 441
2277 4251 8689885 1 1330 540 441
2375 4300 8689895 1 1330 540 414
2517 4340 8689905 1 1340 550 425
2688 4374 8689915 1 1340 550 420
2821 4307 8689925 1 1340 550 417
2902 4161 8689935 1 1340 550 438
2948 3963 8689945 1 1340 550 466
2920 3727 8689955 1 1310 550 465
2859 3464 8689965 1 1310 550 473
2775 3183 8689975 1 1310 550 474
2669 2971 8689985 1 1300 550 465
2572 2837 8689995 1 1300 550 358
3266 5199 8690095 0 1300 550 475
3686 5602 8690105 1 1300 550 485
3834 5810 8690115 1 1310 550 485
3968 5915 8690125 1 1310 550 485
4083 6014 8690135 1 1330 540 464
4186 6106 8690145 1 1340 540 433
4306 6195 8690155 1 1350 530 371
4401 6267 8690165 1 1350 530 310
4478 6307 8690175 1 1360 520 259
4515 6325 8690185 1 1360 520 196
4503 6289 8690195 1 1370 520 186
4459 6172 8690205 1 1370 520 149
4351 6000 8690215 1 1380 510 130
4194 5728 8690225 1 1380 510 117
4005 5417 8690235 1 1380 510 161
3829 5079 8690245 1 1370 510 280
3658 4733 8690255 1 1370 510 325
3569 4502 8690265 1 1370 510 337
3532 4348 8690275 1 1360 510 334
3554 4247 8690285 1 1360 510 340
3616 4221 8690295 1 1350 520 344
3705 4245 8690305 1 1350 520 348
3815 4335 8690315 1 1340 520 351
3929 4475 8690325 1 1330 530 364
4063 4648 8690335 1 1310 520 371
4207 4847 8690345 1 1300 530 371
4323 5050 8690355 1 1300 530 349
4412 5255 8690365 1 1300 530 305
4483 5495 8690375 1 1290 530 282
4527 5734 8690385 1 1290 530 228
4544 5972 8690395 1 1280 530 207
4544 6225 8690405 1 1290 520 218
4517 6473 8690415 1 1290 520 265
4477 6717 8690425 1 1300 520 320
4428 6827 8690435 1 1300 520 358
4357 6856 8690445 1 1320 510 358
4256 6830 8690455 1 1330 510 356
4136 6722 8690465 1 1340 500 369
4005 6504 8690475 1 1350 510 417
3881 6212 8690485 1 1360 500 465
3772 5818 8690495 1 1360 500 473
3670 5374 8690505 1 1360 500 491
3574 4896 8690515 1 1360 500 512
3515 4371 8690525 1 1360 500 537
3481 3917 8690535 1 1350 500 553
3526 3511 8690545 1 1340 500 586
3626 3281 8690555 1 1330 510 605
3763 3153 8690565 1 1320 510 606
3918 3094 8690575 1 1300 520 595
4091 3130 8690585 1 1290 520 592
4275 3265 8690595 1 1280 530 603
4447 3466 8690605 1 1270 530 600
4589 3698 8690615 1 1250 540 603
4710 3971 8690625 1 1240 540 603
4788 4272 8690635 1 1230 550 599
4806 4520 8690645 1 1210 550 586
4785 4658 8690655 1 1200 550 567
4702 4722 8690665 1 1200 550 562
4558 4698 8690675 1 1200 550 567
4372 4593 8690685 1 1200 550 572
4190 4435 8690695 1 1200 550 641
4085 4244 8690705 1 1200 550 688
4030 4094 8690715 1 1200 550 720
4136 3971 8690725 1 1200 550 751
4357 3846 8690735 1 1210 550 760
4654 3743 8690745 1 1220 560 755
4996 3656 8690755 1 1240 550 734
5364 3622 8690765 1 1240 550 652
5749 3613 8690775 1 1250 560 554
6094 3621 8690785 1 1250 560 275
6624 5223 8690976 0 1270 560 284
6614 5359 8690986 1 1290 560 317
6629 5449 8690996 1 1300 550 324
6659 5540 8691006 1 1290 550 338
6739 5610 8691016 1 1300 540 396
6853 5695 8691026 1 1300 540 425
7000 5791 8691036 1 1300 540 440
7177 5888 8691046 1 1310 540 452
7373 5976 8691056 1 1330 540 465
7571 6039 8691066 1 1340 540 463
7724 6090 8691076 1 1360 540 444
7848 6111 8691086 1 1360 540 382
7897 6087 8691096 1 1360 540 342
7862 6033 8691106 1 1390 540 304
7771 5898 8691116 1 1400 540 289
7620 5721 8691126 1 1400 540 282
7419 5517 8691136 1 1410 550 312
7185 5273 8691146 1 1430 550 430
6959 5052 8691157 1 1430 550 489
6804 4847 8691167 1 1440 560 522
6697 4727 8691177 1 1440 560 522
6687 4676 8691187 1 1440 560 550
6747 4670 8691197 1 1430 560 574
6853 4694 8691207 1 1410 560 594
6994 4764 8691217 1 1410 560 616
7173 4866 8691227 1 1400 560 638
7377 4986 8691237 1 1400 560 636
7577 5079 8691247 1 1390 570 637
7748 5155 8691257 1 1390 570 636
7900 5167 8691267 1 1380 570 577
7964 5115 8691277 1 1360 570 488
7948 5021 8691287 1 1360 570 325
7879 4844 8691297 1 1360 570 214
7702 4619 8691307 1 1360 570 282
7471 4362 8691317 1 1360 570 504
7205 4093 8691327 1 1360 570 676
6982 3876 8691337 1 1380 580 777
6873 3695 8691347 1 1380 580 815
6839 3644 8691357 1 1380 580 896
6973 3666 8691367 1 1380 580 929
7337 3738 8691377 1 1360 580 932
7854 3976 8691387 1 1360 580 882
8574 4253 8691397 1 1360 580 418
