188
4311 5453 234046 0 1350 440 371
4389 5497 234056 1 1360 450 324
4375 5588 234066 1 1360 460 322
4339 5637 234076 1 1370 460 330
4355 5657 234086 1 1370 470 351
4363 5723 234096 1 1370 480 372
4363 5787 234106 1 1380 490 399
4351 5851 234116 1 1380 500 413
4331 5918 234126 1 1400 510 425
4306 5985 234136 1 1410 510 440
4262 6049 234146 1 1410 510 448
4198 6111 234156 1 1420 520 458
4120 6167 234166 1 1430 520 480
4047 6203 234176 1 1430 520 512
3975 6227 234186 1 1450 530 527
3904 6217 234196 1 1450 530 545
3835 6168 234206 1 1470 520 583
3754 6093 234216 1 1470 520 628
3665 5950 234226 1 1480 530 664
3583 5781 234236 1 1480 530 697
3521 5595 234246 1 1480 530 727
3472 5438 234256 1 1480 510 728
3457 5312 234266 1 1480 510 737
3484 5208 234276 1 1480 510 746
3539 5151 234286 1 1470 520 749
3634 5125 234296 1 1470 520 751
3750 5119 234306 1 1470 520 752
3881 5164 234316 1 1460 530 749
4015 5245 234326 1 1460 530 737
4143 5350 234336 1 1450 540 727
4266 5452 234346 1 1450 540 724
4346 5547 234356 1 1440 540 727
4390 5631 234366 1 1440 540 731
4410 5693 234376 1 1410 550 755
4410 5740 234386 1 1410 550 768
4399 5747 234396 1 1400 550 773
4388 5747 234406 1 1400 550 768
4388 5747 234416 1 1410 560 774
4365 5691 234426 1 1410 560 791
4334 5598 234436 1 1410 560 796
4289 5431 234446 1 1410 560 824
4241 5242 234456 1 1410 560 831
4191 5039 234466 1 1410 560 848
4134 4798 234476 1 1410 560 858
4067 4557 234486 1 1410 560 876
3993 4315 234496 1 1410 560 887
3923 4103 234506 1 1410 560 899
3855 3937 234516 1 1410 560 908
3788 3802 234526 1 1400 560 909
3701 3674 234536 1 1400 560 896
3602 3577 234546 1 1400 560 900
3481 3500 234556 1 1390 570 908
3339 3433 234566 1 1390 570 911
3183 3382 234576 1 1380 580 915
2991 3343 234586 1 1380 580 914
2807 3330 234596 1 1350 580 912
2628 3351 234606 1 1350 580 912
2446 3396 234616 1 1340 580 900
2286 3487 234626 1 1340 580 896
2141 3611 234636 1 1320 580 851
2023 3758 234646 1 1320 580 770
1967 3910 234656 1 1320 580 600
1951 4018 234666 1 1320 580 218
5419 5498 234907 0 1440 510 452
5499 5610 234917 1 1440 510 453
5477 5685 234927 1 1470 510 456
5484 5751 234937 1 1470 510 473
5496 5810 234947 1 1470 510 492
5496 5914 234957 1 1480 510 529
5496 5999 234967 1 1480 510 572
5460 6072 234977 1 1490 520 591
5415 6119 234987 1 1490 520 616
5360 6140 234997 1 1500 520 617
5281 6140 235007 1 1500 520 639
5186 6108 235017 1 1520 530 649
5081 6020 235027 1 1520 530 676
4981 5898 235037 1 1520 530 696
4886 5739 235047 1 1520 530 731
4817 5598 235057 1 1510 530 740
4762 5469 235067 1 1510 530 746
4741 5353 235077 1 1510 530 751
4757 5274 235087 1 1510 530 749
4797 5221 235097 1 1510 530 746
4856 5193 235107 1 1510 530 727
4954 5213 235117 1 1510 530 703
5077 5265 235127 1 1500 540 669
5230 5368 235137 1 1480 540 647
5382 5478 235147 1 1480 540 611
5534 5594 235157 1 1470 550 616
5639 5690 235167 1 1470 550 610
5694 5753 235177 1 1460 550 653
5716 5793 235187 1 1460 550 663
5716 5787 235197 1 1450 560 664
5716 5778 235207 1 1450 560 670
5716 5766 235217 1 1450 560 693
5716 5690 235227 1 1450 560 711
5716 5586 235237 1 1450 560 725
5708 5464 235247 1 1450 560 751
5719 5358 235257 1 1450 560 757
5732 5281 235267 1 1440 560 765
5760 5224 235277 1 1440 560 780
5797 5190 235287 1 1450 560 780
5842 5180 235297 1 1450 560 788
5911 5186 235307 1 1450 560 790
5996 5244 235317 1 1450 560 785
6121 5352 235327 1 1470 560 768
6266 5493 235337 1 1470 560 754
6424 5631 235347 1 1470 560 727
6552 5776 235357 1 1480 570 733
6646 5926 235367 1 1480 570 725
6718 6051 235377 1 1480 570 746
6746 6114 235387 1 1500 570 756
6753 6137 235397 1 1510 560 763
6747 6137 235407 1 1510 560 760
6747 6137 235417 1 1530 560 763
6737 6128 235427 1 1530 560 767
6723 6057 235437 1 1540 560 785
6664 5943 235447 1 1550 550 796
6599 5772 235457 1 1550 550 822
6529 5619 235467 1 1550 550 845
6476 5477 235477 1 1550 550 860
6451 5339 235487 1 1550 550 869
6445 5251 235497 1 1550 550 860
6475 5197 235507 1 1550 550 857
6534 5168 235517 1 1550 550 861
6611 5176 235527 1 1550 550 796
6722 5208 235537 1 1550 550 693
6828 5266 235547 1 1540 560 452
6178 5577 235648 0 1540 560 563
6049 5532 235658 1 1540 560 630
6028 5543 235668 1 1540 560 637
6047 5537 235678 1 1560 570 690
6150 5566 235688 1 1560 570 728
6308 5625 235698 1 1560 570 739
6492 5677 235708 1 1560 570 730
6677 5727 235718 1 1540 560 690
6865 5759 235728 1 1540 560 568
7000 5781 235738 1 1540 570 221
7081 5681 235809 0 1560 590 498
7012 5584 235819 1 1560 590 537
6984 5555 235829 1 1570 590 591
6989 5509 235839 1 1570 590 661
7014 5453 235849 1 1570 590 730
7056 5427 235859 1 1570 590 787
7133 5419 235869 1 1590 590 829
7232 5419 235879 1 1590 590 824
7389 5465 235889 1 1600 580 830
7548 5531 235899 1 1600 580 827
7708 5613 235909 1 1580 580 817
7864 5706 235919 1 1580 580 818
7987 5805 235929 1 1600 580 797
8087 5908 235939 1 1600 580 794
8136 6002 235949 1 1600 580 780
8145 6091 235959 1 1610 590 776
8128 6156 235969 1 1610 590 774
8073 6207 235979 1 1620 580 773
7976 6215 235989 1 1620 580 773
7850 6178 235999 1 1640 580 793
7716 6112 236009 1 1640 570 811
7602 6023 236019 1 1640 570 828
7502 5906 236029 1 1640 570 860
7412 5771 236039 1 1650 560 861
7346 5651 236049 1 1650 560 888
7296 5531 236059 1 1650 560 906
7296 5431 236069 1 1650 560 911
7345 5345 236079 1 1650 560 929
7430 5285 236089 1 1650 560 939
7568 5258 236099 1 1640 570 939
7754 5258 236109 1 1640 570 936
7972 5270 236119 1 1640 570 944
8150 5281 236129 1 1640 580 945
8291 5264 236139 1 1620 580 934
8407 5231 236149 1 1620 580 955
8492 5186 236159 1 1610 590 980
8554 5135 236169 1 1610 590 992
8601 5074 236179 1 1610 600 979
8613 5006 236189 1 1610 600 981
8591 4931 236199 1 1620 600 987
8545 4835 236209 1 1620 600 993
8449 4727 236219 1 1620 610 1005
8313 4621 236229 1 1630 610 1015
8150 4514 236239 1 1630 610 1023
7973 4418 236249 1 1630 610 1023
7788 4330 236259 1 1630 610 1023
7597 4266 236269 1 1630 620 1023
7428 4226 236279 1 1630 620 979
7267 4201 236289 1 1630 620 912
7110 4201 236299 1 1610 620 748
