161
1389 7571 75797100 0 1270 520 264
1454 7391 75797110 1 1270 520 297
1394 7280 75797120 1 1270 520 329
1399 7172 75797130 1 1270 520 393
1446 6914 75797140 1 1280 520 442
1485 6570 75797150 1 1280 520 493
1524 6168 75797160 1 1270 520 515
1563 5678 75797170 1 1270 520 570
1594 5218 75797180 1 1250 530 605
1609 4779 75797190 1 1230 530 642
1609 4450 75797200 1 1220 540 668
1620 4164 75797210 1 1210 550 676
1630 3906 75797220 1 1200 550 687
1646 3759 75797230 1 1180 560 672
1660 3712 75797240 1 1160 570 664
1660 3733 75797250 1 1150 580 659
1652 3785 75797260 1 1130 590 641
1615 3957 75797270 1 1090 600 617
1573 4210 75797280 1 1080 600 597
1528 4538 75797290 1 1040 600 595
1488 4926 75797300 1 1020 600 592
1476 5353 75797310 1 1020 600 581
1483 5784 75797320 1 1010 610 581
1528 6199 75797330 1 1010 610 580
1622 6551 75797340 1 1010 610 572
1748 6867 75797350 1 1010 610 566
1868 7075 75797360 1 1040 600 563
2008 7212 75797370 1 1060 600 557
2160 7302 75797380 1 1090 600 540
2308 7352 75797390 1 1140 590 546
2449 7315 75797400 1 1160 580 537
2586 7220 75797410 1 1190 580 568
2710 7037 75797420 1 1190 560 594
2779 6794 75797430 1 1220 570 647
2811 6510 75797440 1 1250 560 700
2806 6262 75797450 1 1260 560 720
2764 6021 75797460 1 1270 550 743
2696 5786 75797470 1 1300 550 754
2583 5588 75797480 1 1300 550 757
2449 5409 75797490 1 1310 560 755
2302 5242 75797500 1 1310 560 749
2141 5143 75797510 1 1310 560 730
1986 5127 75797520 1 1300 560 724
1835 5167 75797530 1 1290 560 722
1713 5269 75797540 1 1270 560 731
1596 5364 75797550 1 1260 570 737
1547 5455 75797560 1 1240 570 737
1542 5474 75797570 1 1240 570 731
1573 5490 75797580 1 1220 570 730
1659 5474 75797590 1 1220 570 734
1781 5437 75797600 1 1200 570 739
1941 5297 75797610 1 1200 570 743
2130 5107 75797620 1 1200 570 748
2338 4884 75797630 1 1200 570 749
2540 4637 75797640 1 1200 570 749
2742 4422 75797650 1 1180 570 752
2945 4273 75797660 1 1180 570 737
3150 4157 75797670 1 1180 570 722
3345 4126 75797680 1 1180 570 682
3532 4172 75797690 1 1160 570 664
3715 4270 75797700 1 1160 570 646
3861 4410 75797710 1 1160 570 636
3982 4552 75797720 1 1160 570 628
4079 4695 75797730 1 1160 560 613
4164 4841 75797740 1 1160 560 614
4240 4928 75797750 1 1160 560 610
4295 4975 75797760 1 1160 560 620
4329 4963 75797770 1 1160 560 630
4349 4883 75797780 1 1150 550 646
4369 4758 75797790 1 1130 560 688
4392 4595 75797800 1 1130 560 728
4425 4400 75797810 1 1130 560 737
4467 4184 75797820 1 1130 560 743
4545 4028 75797830 1 1140 550 745
4646 3925 75797840 1 1140 550 743
4792 3858 75797850 1 1140 550 748
4924 3858 75797860 1 1140 550 752
5046 3921 75797870 1 1160 550 758
5177 4027 75797880 1 1160 550 750
5302 4157 75797890 1 1160 550 760
5379 4302 75797900 1 1150 550 754
5424 4457 75797910 1 1150 550 734
5438 4612 75797920 1 1150 550 721
5419 4759 75797930 1 1150 550 733
5377 4857 75797940 1 1150 550 722
5299 4924 75797950 1 1150 550 727
5205 4956 75797960 1 1150 550 728
5099 4956 75797970 1 1160 550 742
5015 4941 75797980 1 1160 550 748
4978 4919 75797990 1 1160 550 748
4973 4899 75798000 1 1170 550 751
5015 4844 75798010 1 1170 550 760
5118 4765 75798020 1 1170 550 751
5261 4712 75798030 1 1170 550 760
5453 4680 75798040 1 1190 540 762
5686 4661 75798050 1 1190 540 757
5947 4688 75798060 1 1190 540 762
6195 4757 75798070 1 1200 550 751
6444 4855 75798080 1 1200 550 721
6693 4988 75798090 1 1200 550 702
6914 5131 75798100 1 1210 550 666
7067 5282 75798110 1 1220 560 619
7174 5441 75798120 1 1210 560 548
7247 5586 75798130 1 1210 560 501
7274 5722 75798140 1 1210 560 488
7274 5840 75798150 1 1220 570 515
7232 5882 75798160 1 1220 570 556
7185 5874 75798170 1 1230 560 605
7131 5805 75798180 1 1230 560 653
7085 5682 75798190 1 1230 560 708
7044 5522 75798200 1 1260 570 751
7020 5240 75798210 1 1260 570 787
7007 4979 75798220 1 1260 570 817
7014 4732 75798230 1 1260 570 827
7041 4510 75798240 1 1260 570 834
7082 4311 75798250 1 1260 570 836
7145 4127 75798260 1 1240 570 836
7226 4041 75798270 1 1260 580 834
7319 4028 75798280 1 1260 580 828
7410 4063 75798290 1 1260 580 824
7506 4175 75798300 1 1240 580 829
7610 4332 75798302 1 1240 580 823
7739 4519 75798312 1 1230 590 820
7882 4659 75798322 1 1210 590 820
8015 4719 75798332 1 1210 590 821
8138 4727 75798342 1 1210 590 829
8254 4681 75798352 1 1190 600 830
8364 4603 75798362 1 1190 600 817
8453 4504 75798372 1 1190 600 818
8528 4405 75798382 1 1190 600 819
8588 4309 75798392 1 1190 600 818
8648 4244 75798402 1 1190 600 827
8712 4199 75798412 1 1190 600 808
8810 4205 75798422 1 1190 600 768
8931 4260 75798432 1 1190 600 730
9057 4347 75798442 1 1190 600 720
9216 4459 75798452 1 1190 600 721
9398 4525 75798462 1 1190 600 748
9595 4561 75798472 1 1190 600 780
9793 4555 75798482 1 1210 590 784
9998 4525 75798492 1 1220 600 790
10208 4480 75798502 1 1220 600 785
10413 4447 75798512 1 1220 600 739
10619 4456 75798522 1 1220 600 594
10808 4493 75798532 1 1220 600 493
10986 4561 75798542 1 1230 610 456
11111 4627 75798552 1 1230 610 445
11157 4687 75798562 1 1230 610 438
11151 4741 75798572 1 1230 610 374
11104 4797 75798582 1 1250 600 42
9815 5199 75798682 0 1270 590 790
9674 5054 75798692 1 1260 580 787
9612 5054 75798702 1 1260 570 784
9590 5067 75798712 1 1250 560 739
9590 5034 75798722 1 1260 560 418
8576 5235 75798812 0 1290 560 668
8186 5135 75798822 1 1300 560 673
8045 5208 75798832 1 1300 560 673
7910 5222 75798842 1 1310 570 664
7892 5198 75798852 1 1300 580 569
7897 5179 75798862 1 1300 580 170
