185
2485 6179 8870294 0 1290 450 171
2410 6210 8870304 1 1290 450 178
2352 6219 8870314 1 1290 450 181
2345 6207 8870324 1 1280 450 207
2345 6214 8870334 1 1290 460 232
2360 6225 8870344 1 1290 460 291
2373 6240 8870354 1 1290 460 346
2392 6270 8870364 1 1300 470 396
2443 6325 8870374 1 1300 470 397
2514 6398 8870384 1 1310 470 405
2620 6492 8870394 1 1320 480 409
2736 6583 8870404 1 1320 480 417
2859 6666 8870414 1 1330 480 418
2982 6742 8870424 1 1340 490 420
3105 6793 8870434 1 1350 500 414
3213 6827 8870444 1 1360 500 414
3311 6835 8870454 1 1360 500 417
3377 6806 8870464 1 1360 500 414
3406 6752 8870474 1 1360 500 414
3406 6659 8870484 1 1360 500 417
3362 6513 8870494 1 1360 500 415
3279 6333 8870504 1 1360 500 418
3173 6167 8870514 1 1360 500 420
3065 6011 8870524 1 1360 500 436
2964 5861 8870534 1 1360 500 450
2894 5743 8870544 1 1360 500 473
2842 5677 8870554 1 1360 510 477
2823 5647 8870564 1 1360 510 486
2835 5647 8870574 1 1360 510 488
2868 5670 8870584 1 1350 520 499
2939 5708 8870594 1 1350 520 499
3045 5781 8870604 1 1350 520 497
3174 5862 8870605 1 1350 520 497
3303 5948 8870615 1 1350 520 499
3404 5981 8870625 1 1350 520 489
3485 5973 8870635 1 1350 520 491
3529 5938 8870645 1 1350 520 473
3522 5860 8870655 1 1340 520 474
3480 5731 8870665 1 1340 520 473
3388 5569 8870675 1 1340 520 465
3267 5370 8870685 1 1330 530 480
3127 5190 8870695 1 1330 530 494
3019 5023 8870705 1 1330 530 497
2955 4919 8870715 1 1310 520 497
2920 4861 8870725 1 1330 520 495
2920 4834 8870735 1 1330 520 495
2975 4851 8870745 1 1340 520 450
3066 4915 8870755 1 1340 520 440
3215 5010 8870765 1 1340 520 440
3373 5094 8870775 1 1330 530 439
3536 5123 8870785 1 1330 530 452
3673 5115 8870795 1 1330 530 471
3746 5020 8870805 1 1330 530 510
3777 4862 8870815 1 1330 530 544
3735 4662 8870825 1 1310 540 551
3639 4442 8870835 1 1310 540 561
3506 4179 8870845 1 1310 540 575
3345 3887 8870855 1 1300 540 570
3185 3610 8870865 1 1300 540 557
3025 3449 8870875 1 1290 550 489
2944 3366 8870885 1 1290 550 275
3516 5266 8870965 0 1240 550 161
3808 5676 8870975 1 1240 550 249
3928 5840 8870985 1 1240 550 257
4029 5995 8870995 1 1230 550 306
4169 6128 8871005 1 1230 550 340
4324 6246 8871015 1 1240 540 346
4489 6382 8871025 1 1240 540 349
4665 6514 8871035 1 1250 540 351
4846 6643 8871045 1 1270 530 356
4987 6744 8871055 1 1280 530 364
5099 6796 8871065 1 1300 530 371
5177 6815 8871075 1 1310 520 361
5204 6778 8871085 1 1330 520 366
5197 6666 8871095 1 1330 520 361
5130 6505 8871105 1 1340 510 358
5027 6272 8871115 1 1340 510 344
4901 6003 8871125 1 1340 510 344
4760 5710 8871135 1 1350 510 359
4633 5455 8871145 1 1350 510 392
4516 5243 8871155 1 1350 510 438
4469 5061 8871165 1 1340 510 442
4469 4976 8871175 1 1340 510 453
4495 4943 8871185 1 1340 510 472
4545 4943 8871195 1 1330 520 488
4626 5000 8871205 1 1330 520 499
4728 5108 8871215 1 1330 520 499
4842 5252 8871225 1 1310 520 502
4945 5431 8871235 1 1310 520 502
5040 5632 8871245 1 1300 530 478
5156 5849 8871255 1 1300 530 430
5272 6122 8871265 1 1310 540 377
5382 6392 8871275 1 1310 540 315
5451 6655 8871285 1 1330 530 285
5496 6865 8871295 1 1330 530 284
5496 7039 8871305 1 1340 540 304
5449 7129 8871315 1 1350 530 329
5376 7159 8871325 1 1350 530 349
5285 7149 8871335 1 1360 520 366
5179 7097 8871345 1 1370 520 396
5063 6980 8871355 1 1380 510 415
4958 6819 8871356 1 1380 510 458
4853 6627 8871366 1 1400 510 486
4750 6357 8871376 1 1400 510 502
4648 6036 8871386 1 1400 510 520
4572 5653 8871396 1 1410 500 538
4511 5266 8871406 1 1410 500 559
4489 4874 8871416 1 1400 510 570
4511 4591 8871426 1 1400 510 583
4563 4381 8871436 1 1370 510 606
4667 4249 8871446 1 1360 510 613
4800 4193 8871456 1 1350 520 622
4951 4193 8871466 1 1340 520 628
5087 4262 8871476 1 1310 520 628
5224 4405 8871486 1 1300 530 625
5358 4595 8871496 1 1290 530 600
5466 4820 8871506 1 1280 540 557
5559 5069 8871516 1 1280 540 493
5610 5334 8871526 1 1260 540 423
5610 5556 8871536 1 1250 550 361
5564 5680 8871546 1 1250 550 348
5455 5740 8871556 1 1250 550 364
5298 5723 8871566 1 1250 550 441
5110 5674 8871576 1 1250 550 512
4971 5605 8871586 1 1260 560 550
4900 5541 8871596 1 1260 560 557
4875 5492 8871606 1 1260 560 567
4937 5454 8871616 1 1270 550 580
5067 5376 8871626 1 1270 550 592
5242 5298 8871636 1 1290 550 616
5471 5218 8871646 1 1290 550 624
5696 5146 8871656 1 1290 550 633
5919 5079 8871666 1 1300 540 647
6101 5035 8871676 1 1310 550 636
6284 5012 8871686 1 1310 550 613
6456 5002 8871696 1 1310 550 554
6621 5015 8871706 1 1310 550 452
6769 5061 8871716 1 1320 550 279
6693 6037 8871847 0 1350 570 427
6813 6138 8871857 1 1350 570 418
6889 6223 8871867 1 1360 560 392
6967 6281 8871877 1 1380 570 387
7069 6303 8871887 1 1390 560 399
7186 6333 8871897 1 1390 560 440
7341 6388 8871907 1 1400 550 483
7521 6458 8871917 1 1400 550 520
7717 6531 8871927 1 1410 550 516
7925 6603 8871937 1 1430 550 527
8111 6669 8871947 1 1430 550 527
8265 6711 8871957 1 1440 540 524
8405 6738 8871967 1 1450 550 522
8481 6730 8871977 1 1450 550 499
8491 6687 8871987 1 1460 550 480
8458 6620 8871997 1 1460 550 474
8339 6494 8872007 1 1480 560 458
8178 6332 8872017 1 1480 560 461
7989 6146 8872027 1 1480 560 496
7791 5978 8872037 1 1480 560 557
7665 5852 8872047 1 1470 560 577
7586 5753 8872057 1 1470 560 594
7557 5706 8872067 1 1450 560 597
7572 5687 8872077 1 1440 570 616
7616 5687 8872087 1 1440 570 633
7688 5704 8872097 1 1440 570 639
7799 5746 8872107 1 1440 570 645
7935 5805 8872117 1 1430 570 650
8062 5883 8872127 1 1430 570 665
8194 5958 8872137 1 1430 570 663
8345 6027 8872147 1 1420 570 662
8506 6074 8872157 1 1430 560 671
8635 6107 8872167 1 1430 560 647
8700 6107 8872177 1 1430 560 611
8721 6044 8872187 1 1430 560 594
8644 5949 8872197 1 1440 570 557
8468 5777 8872207 1 1440 570 545
8225 5574 8872217 1 1440 570 560
7947 5351 8872227 1 1460 570 636
7704 5113 8872237 1 1460 570 697
7483 4949 8872247 1 1460 570 722
7427 4834 8872257 1 1460 570 751
7491 4804 8872267 1 1460 570 806
7634 4862 8872277 1 1460 570 821
7944 4979 8872287 1 1470 580 837
8366 5158 8872297 1 1460 580 802
8862 5366 8872307 1 1460 580 650
