143
2852 4781 52442237 0 1420 470 359
2852 4781 52442247 1 1400 460 373
2852 4781 52442257 1 1390 440 367
2889 4856 52442267 1 1370 420 388
3016 4883 52442277 1 1380 430 417
3205 4910 52442287 1 1380 430 440
3436 4963 52442297 1 1370 430 443
3662 5033 52442307 1 1370 440 436
3849 5071 52442317 1 1360 450 312
3681 5991 52442438 0 1360 470 478
3628 5881 52442448 1 1360 470 488
3564 5808 52442458 1 1360 470 489
3539 5600 52442468 1 1360 470 509
3557 5303 52442478 1 1350 460 520
3603 4918 52442488 1 1350 460 522
3626 4487 52442498 1 1350 460 538
3645 4025 52442508 1 1340 470 533
3661 3554 52442518 1 1340 470 535
3687 3155 52442528 1 1330 470 519
3710 2803 52442538 1 1330 480 470
3730 2533 52442548 1 1320 490 336
3426 4274 52442658 0 1220 560 443
3532 4426 52442668 1 1220 560 427
3460 4408 52442678 1 1220 560 431
3306 4349 52442688 1 1230 550 431
3160 4171 52442698 1 1230 550 435
2989 3913 52442708 1 1240 540 435
2802 3642 52442718 1 1240 540 435
2631 3449 52442728 1 1250 540 417
2555 3308 52442738 1 1250 540 209
3150 4327 52442798 0 1260 510 254
3456 4638 52442808 1 1260 510 282
3526 4663 52442818 1 1260 510 344
3551 4649 52442828 1 1260 510 449
3615 4601 52442838 1 1260 510 513
3706 4525 52442848 1 1260 510 586
3811 4431 52442858 1 1260 510 594
3930 4335 52442868 1 1260 510 554
4058 4241 52442878 1 1270 520 312
4495 4954 52443169 0 1250 500 280
4495 4954 52443179 1 1250 500 274
4495 4954 52443189 1 1250 500 279
4495 4954 52443199 1 1250 500 285
4561 4931 52443209 1 1250 500 279
4658 4946 52443219 1 1210 470 297
4809 4963 52443229 1 1200 440 316
4966 5029 52443239 1 1160 410 316
5136 5129 52443249 1 1140 380 276
5192 6076 52443369 0 1340 470 473
5153 5921 52443379 1 1350 470 472
5095 5875 52443389 1 1360 480 490
5027 5693 52443399 1 1370 470 491
5045 5420 52443409 1 1370 470 507
5074 5006 52443419 1 1370 470 515
5110 4517 52443429 1 1370 470 515
5131 3977 52443439 1 1360 480 512
5154 3434 52443449 1 1360 480 510
5200 3010 52443459 1 1350 490 436
5260 2666 52443469 1 1340 490 299
4995 4628 52443589 0 1220 530 490
5105 4583 52443599 1 1220 530 468
5001 4528 52443609 1 1220 530 464
4795 4494 52443619 1 1220 510 474
4622 4227 52443629 1 1230 510 473
4451 3986 52443639 1 1220 500 431
4324 3763 52443649 1 1240 500 289
4729 4397 52443709 0 1240 490 217
5133 4629 52443719 1 1240 490 254
5256 4664 52443729 1 1250 500 322
5338 4648 52443739 1 1250 500 372
5438 4614 52443749 1 1240 500 392
5558 4569 52443759 1 1240 500 399
5690 4509 52443769 1 1250 510 339
7026 5537 52444020 0 1260 480 310
7108 5556 52444030 1 1260 480 358
7093 5562 52444040 1 1270 480 393
7039 5562 52444050 1 1300 480 398
7044 5562 52444060 1 1300 480 396
7086 5524 52444070 1 1320 480 413
7153 5467 52444080 1 1330 480 418
7250 5389 52444090 1 1340 480 415
7351 5287 52444100 1 1350 490 398
7429 5168 52444110 1 1350 490 65
7081 3752 52444220 0 1350 500 584
7022 3586 52444230 1 1340 500 589
6945 3618 52444240 1 1330 500 595
6945 3646 52444250 1 1320 500 589
6985 3671 52444260 1 1320 500 583
7087 3811 52444270 1 1300 510 564
7225 3959 52444280 1 1300 510 477
7387 4112 52444290 1 1290 510 171
8110 5743 52444390 0 1330 510 398
8140 5490 52444400 1 1340 500 392
8036 5342 52444410 1 1350 500 404
7958 5247 52444420 1 1360 490 405
7898 5075 52444430 1 1360 490 396
7858 4852 52444440 1 1370 480 312
7846 4639 52444450 1 1370 480 86
8107 5013 52444551 0 1400 520 294
8119 5293 52444561 1 1400 520 334
8165 5422 52444571 1 1400 520 400
8241 5529 52444581 1 1410 520 446
8385 5606 52444591 1 1410 520 499
8573 5664 52444601 1 1410 520 566
8771 5714 52444611 1 1420 530 631
8962 5743 52444621 1 1420 530 667
9148 5758 52444631 1 1420 530 700
9314 5758 52444641 1 1450 530 728
9483 5734 52444651 1 1450 530 758
9653 5704 52444661 1 1460 530 763
9776 5669 52444671 1 1460 530 771
9850 5631 52444681 1 1470 530 768
9891 5570 52444691 1 1470 530 774
9884 5494 52444701 1 1480 540 773
9830 5384 52444711 1 1500 540 767
9745 5276 52444721 1 1500 540 757
9638 5169 52444731 1 1510 540 696
9499 5061 52444741 1 1530 550 543
9339 4947 52444751 1 1530 550 191
8135 4254 52444821 0 1530 550 413
8029 4156 52444831 1 1530 550 492
7978 4171 52444841 1 1510 540 526
8014 4217 52444851 1 1510 540 563
8107 4271 52444861 1 1510 540 638
8305 4358 52444871 1 1490 550 697
8544 4466 52444881 1 1490 550 719
8809 4551 52444891 1 1490 550 727
9048 4613 52444901 1 1470 550 722
9234 4659 52444911 1 1470 550 666
9384 4687 52444921 1 1460 550 468
9019 6855 52445081 0 1520 490 490
8934 6805 52445091 1 1520 480 494
8857 6834 52445101 1 1530 460 505
8828 6721 52445111 1 1530 440 515
8828 6490 52445121 1 1520 440 539
8807 6181 52445131 1 1520 420 608
8764 5794 52445141 1 1520 420 694
8709 5320 52445151 1 1510 420 730
8691 4787 52445161 1 1510 420 739
8691 4181 52445171 1 1500 430 720
8691 3583 52445181 1 1500 430 688
8696 2991 52445191 1 1490 440 556
8705 2513 52445201 1 1480 460 376
