176
2200 6050 8888040 0 1170 460 301
2149 6036 8888050 1 1180 460 325
2111 6062 8888060 1 1210 480 324
2111 6100 8888070 1 1220 480 314
2111 6105 8888080 1 1240 490 310
2111 6130 8888090 1 1260 490 314
2140 6168 8888100 1 1280 500 342
2184 6228 8888110 1 1300 510 373
2276 6324 8888120 1 1330 510 369
2407 6445 8888130 1 1330 510 374
2565 6564 8888140 1 1340 500 374
2728 6646 8888150 1 1340 500 374
2844 6704 8888160 1 1340 500 374
2928 6729 8888170 1 1340 500 374
2996 6729 8888180 1 1340 500 369
3045 6710 8888190 1 1350 510 366
3080 6670 8888200 1 1350 510 367
3091 6596 8888210 1 1350 510 366
3062 6500 8888220 1 1350 510 369
3006 6360 8888230 1 1350 510 367
2920 6217 8888240 1 1350 510 374
2816 6067 8888250 1 1350 510 391
2700 5911 8888260 1 1350 510 440
2580 5752 8888270 1 1350 510 477
2474 5646 8888280 1 1350 510 501
2424 5585 8888290 1 1340 510 512
2405 5553 8888300 1 1340 510 504
2414 5553 8888310 1 1340 510 512
2468 5587 8888320 1 1330 520 517
2551 5640 8888330 1 1330 520 515
2674 5719 8888340 1 1330 520 520
2798 5801 8888350 1 1330 520 522
2920 5886 8888360 1 1330 520 513
3029 5925 8888370 1 1330 520 515
3131 5925 8888380 1 1330 520 515
3192 5889 8888390 1 1310 520 512
3192 5788 8888400 1 1310 520 509
3157 5645 8888410 1 1310 520 509
3053 5475 8888420 1 1300 530 507
2940 5256 8888430 1 1300 530 522
2820 5076 8888440 1 1300 530 536
2746 4922 8888450 1 1300 530 537
2716 4834 8888460 1 1310 540 546
2716 4797 8888470 1 1310 540 537
2744 4797 8888480 1 1310 540 532
2820 4827 8888490 1 1330 530 513
2929 4882 8888500 1 1330 530 513
3071 4952 8888510 1 1330 530 521
3224 5004 8888520 1 1310 540 537
3384 4982 8888530 1 1310 540 559
3490 4910 8888540 1 1310 540 562
3554 4759 8888550 1 1300 540 560
3590 4601 8888560 1 1300 540 572
3575 4439 8888570 1 1300 540 580
3516 4201 8888580 1 1300 540 574
3427 3962 8888590 1 1290 550 570
3327 3721 8888600 1 1290 550 564
3227 3575 8888610 1 1260 540 519
3181 3490 8888620 1 1250 550 304
3671 5511 8888711 0 1170 550 327
3969 5863 8888721 1 1170 550 346
4089 6034 8888731 1 1190 540 351
4193 6167 8888741 1 1200 540 359
4335 6274 8888751 1 1220 540 373
4493 6411 8888761 1 1230 530 367
4661 6546 8888771 1 1240 530 397
4819 6646 8888781 1 1250 530 417
4933 6723 8888791 1 1270 520 417
5017 6762 8888801 1 1280 520 394
5063 6747 8888811 1 1300 520 398
5063 6696 8888821 1 1320 510 393
5044 6585 8888831 1 1320 510 393
4973 6397 8888841 1 1320 510 393
4853 6157 8888851 1 1330 510 393
4701 5845 8888861 1 1340 510 392
4537 5544 8888871 1 1340 510 443
4391 5250 8888881 1 1340 510 478
4317 5039 8888891 1 1340 510 486
4285 4920 8888901 1 1330 520 496
4303 4863 8888911 1 1330 520 510
4365 4863 8888921 1 1310 520 519
4455 4935 8888931 1 1310 520 527
4585 5053 8888941 1 1310 520 532
4728 5220 8888951 1 1300 530 532
4879 5408 8888961 1 1300 530 530
4997 5609 8888971 1 1290 530 529
5112 5804 8888981 1 1290 530 496
5224 6029 8888991 1 1280 540 449
5305 6273 8889001 1 1280 540 397
5352 6506 8889011 1 1280 540 362
5377 6723 8889021 1 1280 540 359
5359 6882 8889031 1 1280 540 366
5307 7009 8889041 1 1290 530 407
5233 7057 8889051 1 1290 530 428
5142 7047 8889061 1 1310 540 444
5056 6998 8889071 1 1330 530 447
4973 6902 8889081 1 1340 520 465
4889 6725 8889091 1 1340 520 488
4813 6493 8889101 1 1340 520 517
4740 6180 8889111 1 1350 520 544
4700 5815 8889121 1 1350 520 559
4682 5416 8889131 1 1350 520 568
4682 4988 8889141 1 1340 510 569
4733 4713 8889151 1 1340 510 586
4825 4541 8889161 1 1340 510 594
4942 4475 8889171 1 1330 520 620
5073 4475 8889181 1 1310 520 617
5212 4516 8889191 1 1300 530 639
5340 4625 8889201 1 1300 530 639
5441 4794 8889211 1 1290 530 627
5525 5002 8889221 1 1280 540 588
5563 5219 8889231 1 1250 550 568
5563 5410 8889241 1 1240 550 546
5537 5584 8889251 1 1220 560 539
5464 5664 8889261 1 1210 560 544
5354 5677 8889271 1 1210 560 554
5218 5645 8889281 1 1210 560 589
5109 5600 8889291 1 1210 560 624
5089 5580 8889301 1 1210 560 625
5129 5580 8889311 1 1210 560 636
5248 5512 8889321 1 1210 560 641
5403 5435 8889331 1 1210 560 641
5583 5349 8889341 1 1210 560 641
5771 5270 8889351 1 1220 560 639
5949 5198 8889361 1 1230 560 639
6098 5130 8889371 1 1230 560 624
6231 5074 8889381 1 1250 560 580
6368 5038 8889391 1 1250 560 473
6501 5016 8889401 1 1250 560 104
6825 5962 8889552 0 1280 540 413
6809 6018 8889562 1 1290 530 461
6789 6061 8889572 1 1290 530 461
6802 6081 8889582 1 1300 530 466
6856 6121 8889592 1 1300 530 468
6938 6174 8889602 1 1330 530 474
7061 6187 8889612 1 1330 530 495
7198 6260 8889622 1 1340 520 521
7345 6373 8889632 1 1350 530 546
7530 6460 8889642 1 1360 520 546
7702 6539 8889652 1 1370 530 559
7864 6588 8889662 1 1370 530 562
7984 6621 8889672 1 1390 540 561
8055 6621 8889682 1 1400 540 546
8092 6579 8889692 1 1390 550 522
8079 6515 8889702 1 1400 550 494
8010 6395 8889712 1 1400 550 477
7903 6252 8889722 1 1400 550 477
7752 6094 8889732 1 1400 550 518
7635 5954 8889742 1 1400 550 543
7541 5843 8889752 1 1390 560 556
7502 5752 8889762 1 1390 560 561
7469 5688 8889772 1 1390 560 570
7448 5646 8889782 1 1380 570 589
7458 5619 8889792 1 1380 570 603
7487 5610 8889802 1 1360 570 633
7550 5631 8889812 1 1360 570 645
7650 5672 8889822 1 1350 580 644
7775 5731 8889832 1 1350 580 646
7903 5787 8889842 1 1340 580 650
7995 5819 8889852 1 1340 580 650
8064 5835 8889862 1 1320 590 652
8116 5823 8889872 1 1320 590 637
8131 5776 8889882 1 1310 600 616
8120 5706 8889892 1 1310 610 589
8045 5594 8889902 1 1310 610 586
7913 5443 8889912 1 1310 610 589
7742 5266 8889922 1 1310 610 645
7570 5108 8889932 1 1320 610 690
7470 4997 8889942 1 1320 610 713
7418 4917 8889952 1 1320 610 742
7428 4863 8889962 1 1320 610 806
7518 4855 8889972 1 1320 610 842
7660 4878 8889982 1 1330 620 853
7926 4973 8889992 1 1330 620 860
8272 5126 8890002 1 1330 620 836
8672 5317 8890012 1 1330 620 702
