380
2735 7161 8217355 0 1510 400 554
2861 7255 8217365 1 1520 420 614
2861 7376 8217375 1 1540 450 664
2871 7531 8217385 1 1550 480 663
2871 7536 8217395 1 1560 500 671
2871 7536 8217405 1 1570 520 671
2871 7536 8217415 1 1580 530 669
2858 7525 8217425 1 1580 530 672
2841 7514 8217435 1 1570 540 681
2782 7457 8217445 1 1570 540 697
2691 7370 8217455 1 1560 530 696
2579 7257 8217465 1 1550 540 700
2476 7104 8217475 1 1550 540 691
2352 6925 8217485 1 1550 540 642
2214 6700 8217495 1 1530 540 527
2069 6401 8217505 1 1530 540 436
1930 6054 8217515 1 1530 550 367
1817 5654 8217525 1 1530 550 359
1720 5282 8217535 1 1510 540 361
1642 4929 8217545 1 1500 550 394
1567 4645 8217555 1 1490 560 473
1514 4458 8217565 1 1480 560 530
1474 4336 8217575 1 1450 560 568
1456 4263 8217585 1 1440 570 575
1456 4239 8217595 1 1420 570 594
1465 4249 8217605 1 1390 570 624
1499 4284 8217615 1 1380 580 636
1577 4397 8217625 1 1360 580 638
1684 4561 8217635 1 1340 580 676
1812 4773 8217645 1 1340 580 730
1979 5016 8217655 1 1320 590 757
2173 5280 8217665 1 1310 600 793
2370 5523 8217675 1 1310 600 797
2563 5721 8217685 1 1310 600 802
2752 5888 8217695 1 1310 600 809
2887 6011 8217705 1 1310 600 806
2991 6072 8217715 1 1340 600 783
3074 6092 8217725 1 1340 600 749
3119 6070 8217735 1 1340 600 707
3119 5970 8217745 1 1360 600 665
3084 5819 8217755 1 1360 600 614
2988 5593 8217765 1 1380 600 592
2850 5294 8217775 1 1390 600 581
2685 4946 8217786 1 1390 600 592
2484 4581 8217796 1 1390 600 644
2285 4239 8217806 1 1390 600 663
2090 3913 8217816 1 1390 580 687
1942 3632 8217826 1 1390 580 691
1825 3456 8217836 1 1390 580 694
1771 3350 8217846 1 1380 590 699
1761 3324 8217856 1 1380 590 688
1780 3358 8217866 1 1360 600 687
1846 3433 8217876 1 1350 600 672
1947 3610 8217886 1 1350 600 670
2070 3883 8217896 1 1340 610 687
2219 4221 8217906 1 1320 610 697
2371 4618 8217916 1 1320 610 702
2527 5033 8217926 1 1320 610 719
2667 5459 8217936 1 1320 610 717
2798 5848 8217946 1 1320 610 733
2893 6178 8217956 1 1320 610 736
2964 6468 8217966 1 1340 610 746
3018 6659 8217976 1 1340 610 749
3048 6758 8217986 1 1350 600 750
3053 6797 8217996 1 1350 600 770
3042 6797 8218006 1 1360 600 770
3020 6788 8218016 1 1360 600 765
2972 6778 8218026 1 1380 590 762
2906 6713 8218036 1 1410 590 767
2822 6589 8218046 1 1410 590 768
2729 6427 8218056 1 1420 580 768
2629 6195 8218066 1 1430 570 768
2536 5915 8218076 1 1440 570 768
2458 5602 8218086 1 1440 570 782
2391 5237 8218096 1 1440 570 783
2340 4804 8218106 1 1450 560 817
2316 4325 8218116 1 1450 560 821
2309 3790 8218126 1 1440 570 830
2309 3334 8218136 1 1440 570 843
2309 2930 8218146 1 1440 570 875
2297 2623 8218156 1 1430 570 903
2324 2391 8218167 1 1430 570 917
2369 2209 8218177 1 1420 580 924
2425 2070 8218187 1 1410 590 932
2498 1990 8218197 1 1390 600 936
2609 1950 8218207 1 1390 600 935
2745 1950 8218217 1 1380 600 939
2869 2006 8218227 1 1360 610 939
2997 2090 8218237 1 1340 610 939
3147 2238 8218247 1 1320 610 941
3309 2413 8218257 1 1300 620 938
3477 2605 8218267 1 1290 630 930
3671 2857 8218277 1 1270 630 932
3881 3156 8218287 1 1270 630 939
4087 3487 8218297 1 1250 640 933
4314 3854 8218307 1 1250 640 932
4555 4285 8218317 1 1240 630 924
4809 4759 8218327 1 1220 630 936
5024 5271 8218337 1 1220 630 936
5213 5771 8218347 1 1220 630 944
5422 6264 8218357 1 1220 630 955
5608 6647 8218367 1 1240 630 952
5778 6914 8218377 1 1240 630 953
5917 7104 8218387 1 1270 630 961
6019 7243 8218397 1 1270 630 956
6095 7350 8218407 1 1290 630 956
6145 7435 8218417 1 1320 630 959
6168 7499 8218427 1 1350 620 961
6168 7532 8218437 1 1360 610 964
6168 7544 8218447 1 1390 610 958
6159 7551 8218457 1 1420 610 953
6145 7551 8218467 1 1440 600 946
6121 7551 8218477 1 1460 600 937
6083 7539 8218487 1 1470 590 933
6036 7519 8218497 1 1490 590 941
5973 7453 8218507 1 1500 580 930
5892 7357 8218517 1 1510 580 924
5800 7233 8218527 1 1530 580 924
5705 7014 8218537 1 1530 580 933
5630 6731 8218547 1 1540 570 949
5569 6292 8218557 1 1530 580 965
5532 5689 8218567 1 1530 580 989
5545 4978 8218577 1 1510 580 986
5591 4263 8218587 1 1510 580 1023
5660 3796 8218597 1 1500 580 1023
5694 3494 8218607 1 1470 590 1023
5704 3326 8218617 1 1450 600 1023
5744 3194 8218627 1 1430 620 1023
5792 3085 8218637 1 1380 630 1023
5846 3058 8218647 1 1370 630 1023
5871 3058 8218657 1 1330 650 1023
5890 3078 8218667 1 1320 650 1023
5905 3158 8218677 1 1280 660 1023
5913 3300 8218687 1 1260 670 1023
5918 3483 8218697 1 1240 670 1023
5918 3700 8218707 1 1190 680 1023
5944 4003 8218717 1 1170 690 1009
5987 4363 8218727 1 1150 690 964
6044 4792 8218737 1 1150 690 923
6127 5304 8218747 1 1120 700 921
6266 5872 8218757 1 1120 700 930
6443 6390 8218767 1 1120 700 933
6627 6815 8218777 1 1120 700 945
6825 7179 8218787 1 1160 700 937
7033 7423 8218797 1 1210 690 937
7220 7619 8218807 1 1230 690 941
7408 7783 8218817 1 1280 680 944
7560 7868 8218827 1 1300 670 958
7687 7889 8218837 1 1310 670 979
7796 7867 8218847 1 1370 660 994
7888 7777 8218857 1 1380 650 1023
7969 7618 8218867 1 1420 650 1023
8005 7414 8218877 1 1430 640 1023
7992 7159 8218887 1 1450 640 1023
7946 6899 8218897 1 1480 630 1023
7840 6683 8218907 1 1480 630 1023
7703 6498 8218917 1 1480 630 1023
7546 6346 8218927 1 1510 630 1023
7371 6239 8218937 1 1510 630 993
7190 6162 8218947 1 1510 630 977
7005 6184 8218957 1 1510 630 950
6857 6302 8218967 1 1510 630 924
6715 6483 8218977 1 1510 630 929
6650 6695 8218987 1 1510 630 948
6634 6859 8218997 1 1510 630 953
6688 6990 8219007 1 1510 630 968
6809 7064 8219017 1 1510 630 982
6974 7093 8219027 1 1490 630 993
7156 7093 8219037 1 1490 630 1018
7364 7058 8219047 1 1500 620 1023
7590 7018 8219057 1 1500 620 1023
7797 6971 8219067 1 1500 620 1023
7970 6915 8219077 1 1500 620 1023
8121 6852 8219087 1 1520 620 1023
8208 6768 8219097 1 1520 620 1002
8244 6671 8219107 1 1520 620 944
8244 6524 8219117 1 1520 620 860
8188 6318 8219127 1 1520 620 794
8079 6073 8219137 1 1510 630 770
7936 5805 8219147 1 1530 630 779
7746 5581 8219157 1 1530 630 802
7557 5387 8219167 1 1510 640 836
7371 5197 8219177 1 1500 650 867
7232 5071 8219187 1 1490 660 863
7123 4988 8219197 1 1490 660 869
7079 4964 8219207 1 1480 670 887
7066 4964 8219217 1 1460 670 888
7074 4987 8219227 1 1460 670 888
7131 5062 8219237 1 1450 680 894
7232 5169 8219247 1 1450 680 906
7363 5298 8219257 1 1430 690 902
7504 5420 8219267 1 1410 680 906
7646 5517 8219277 1 1390 690 902
7788 5597 8219287 1 1390 690 896
7904 5638 8219297 1 1370 700 892
8004 5638 8219307 1 1370 700 897
8066 5608 8219317 1 1370 700 887
8094 5544 8219327 1 1370 710 873
8099 5428 8219337 1 1370 710 861
8063 5277 8219347 1 1370 710 854
7989 5080 8219357 1 1370 710 861
7889 4856 8219367 1 1350 720 836
7775 4615 8219377 1 1350 720 836
7667 4413 8219387 1 1350 720 834
7569 4209 8219397 1 1330 730 834
7483 4029 8219407 1 1330 730 836
7405 3866 8219417 1 1330 730 837
7352 3748 8219427 1 1330 730 840
7331 3696 8219437 1 1300 730 851
7331 3688 8219447 1 1300 730 849
7354 3716 8219457 1 1300 730 840
7412 3817 8219467 1 1270 740 846
7492 3968 8219477 1 1270 740 845
7576 4153 8219487 1 1270 740 845
7663 4384 8219497 1 1250 730 839
7758 4646 8219507 1 1220 740 837
7856 4910 8219517 1 1220 740 840
7954 5153 8219527 1 1210 730 845
8046 5381 8219537 1 1220 740 843
8111 5580 8219547 1 1220 740 839
8161 5745 8219557 1 1220 740 836
8186 5887 8219567 1 1220 740 840
8186 6001 8219577 1 1220 740 837
8166 6090 8219587 1 1250 730 834
8133 6163 8219597 1 1250 730 836
8092 6221 8219607 1 1280 720 836
8045 6259 8219617 1 1300 720 836
7998 6283 8219627 1 1330 710 839
7953 6277 8219637 1 1350 710 837
7911 6265 8219647 1 1390 710 837
7872 6244 8219657 1 1390 710 836
7835 6214 8219667 1 1410 700 834
7801 6176 8219677 1 1430 690 831
7768 6128 8219687 1 1450 680 828
7738 6079 8219697 1 1460 670 828
7710 6031 8219707 1 1460 670 831
7684 5975 8219717 1 1460 660 833
7661 5916 8219727 1 1460 660 831
7639 5851 8219737 1 1470 650 833
7615 5776 8219747 1 1460 660 839
7591 5694 8219757 1 1460 660 836
7570 5618 8219767 1 1460 660 846
7550 5515 8219777 1 1420 660 869
7534 5394 8219787 1 1420 660 878
7522 5199 8219797 1 1420 660 908
7529 4902 8219807 1 1400 670 950
7548 4537 8219817 1 1400 670 921
7586 4048 8219827 1 1390 680 918
7679 3469 8219837 1 1370 690 944
7809 2831 8219847 1 1350 690 977
7861 2334 8219857 1 1310 710 979
7934 1893 8219867 1 1260 720 1014
8022 1490 8219877 1 1210 730 1023
8101 1230 8219887 1 1130 750 1023
8150 1084 8219897 1 1060 750 1023
8178 1013 8219907 1 940 760 1023
8199 989 8219917 1 900 770 977
8204 989 8219927 1 770 770 944
8198 1001 8219937 1 690 760 893
8174 1067 8219947 1 620 750 829
8126 1203 8219957 1 560 740 670
8063 1385 8219967 1 480 740 333
8242 3452 8220029 0 470 730 398
8545 4080 8220039 1 530 740 488
8668 4359 8220049 1 560 740 515
8778 4642 8220059 1 620 750 520
8935 4921 8220069 1 660 760 515
9100 5198 8220079 1 730 760 545
9269 5517 8220089 1 770 770 589
9473 5802 8220099 1 810 770 628
9671 6064 8220109 1 860 770 659
9866 6300 8220119 1 900 770 676
10039 6534 8220129 1 950 780 697
10175 6759 8220139 1 1040 780 721
10285 6978 8220149 1 1080 770 749
10387 7197 8220159 1 1180 780 763
10491 7450 8220169 1 1220 770 768
10598 7727 8220179 1 1290 770 779
10685 7962 8220189 1 1320 770 788
10758 8123 8220199 1 1380 770 817
10794 8236 8220209 1 1430 750 827
10794 8268 8220219 1 1490 750 837
10774 8277 8220229 1 1510 740 840
10735 8272 8220239 1 1550 740 845
10685 8246 8220249 1 1570 730 849
10627 8188 8220259 1 1580 720 851
10569 8108 8220269 1 1620 710 860
10498 7969 8220279 1 1630 700 882
10419 7763 8220289 1 1660 700 927
10333 7513 8220299 1 1660 690 946
10229 7155 8220309 1 1660 690 953
10114 6719 8220319 1 1670 690 970
9970 6231 8220329 1 1660 690 967
9852 5741 8220339 1 1660 690 982
9751 5367 8220349 1 1660 700 984
9688 5071 8220359 1 1650 710 1020
9656 4863 8220369 1 1640 720 1023
9645 4714 8220379 1 1630 730 1023
9645 4605 8220389 1 1620 740 1023
9669 4520 8220399 1 1570 750 1023
9709 4460 8220409 1 1560 760 1023
9773 4418 8220419 1 1520 780 1023
9873 4418 8220429 1 1450 780 1023
9998 4484 8220439 1 1420 790 1023
10135 4597 8220449 1 1390 790 1023
10291 4798 8220459 1 1310 810 1014
10460 5045 8220469 1 1250 810 1000
10605 5323 8220479 1 1200 820 994
10718 5582 8220489 1 1200 820 990
10809 5817 8220499 1 1200 820 996
10884 6037 8220509 1 1200 820 997
10931 6199 8220519 1 1200 820 999
10959 6317 8220529 1 1200 820 999
10959 6405 8220539 1 1250 810 999
10941 6472 8220549 1 1250 810 996
10903 6539 8220559 1 1310 810 990
10856 6616 8220569 1 1350 800 987
10810 6700 8220579 1 1350 800 978
10765 6798 8220589 1 1390 790 989
10734 6888 8220599 1 1390 790 988
10712 6972 8220609 1 1420 790 989
10687 7005 8220619 1 1450 780 986
10662 7019 8220629 1 1480 770 983
10639 7019 8220639 1 1500 760 983
10619 7025 8220649 1 1560 760 982
10606 7025 8220659 1 1570 750 982
10598 7032 8220669 1 1570 750 983
10591 7032 8220679 1 1590 740 982
10591 7039 8220689 1 1590 740 982
10585 7039 8220699 1 1590 740 983
10579 7039 8220709 1 1600 730 983
10571 7039 8220719 1 1600 730 982
10562 7039 8220729 1 1630 730 985
10545 7039 8220739 1 1640 720 982
10522 7010 8220749 1 1640 720 986
10488 6972 8220759 1 1640 720 991
10446 6900 8220769 1 1650 710 1005
10398 6717 8220779 1 1640 720 1023
10347 6460 8220789 1 1640 720 1023
10301 5984 8220799 1 1610 720 1023
10265 5429 8220809 1 1600 730 1023
10234 4821 8220819 1 1590 740 1023
10206 4322 8220829 1 1590 740 1023
10166 3937 8220839 1 1560 760 1023
10120 3629 8220849 1 1540 770 1023
10070 3431 8220859 1 1490 780 1023
10026 3290 8220869 1 1430 800 1023
9982 3188 8220879 1 1390 810 1023
9926 3148 8220889 1 1300 820 1023
9863 3157 8220899 1 1170 830 1023
9777 3199 8220909 1 1060 830 1018
9690 3288 8220919 1 900 830 1002
9602 3378 8220929 1 830 820 997
9530 3449 8220939 1 760 820 999
9487 3507 8220949 1 700 810 1011
9463 3517 8220959 1 660 800 1023
9456 3512 8220969 1 610 800 1023
9446 3497 8220979 1 590 780 1023
9433 3443 8220989 1 550 780 1023
9433 3371 8220999 1 550 780 1023
9443 3288 8221009 1 580 770 1023
9450 3209 8221019 1 540 770 1023
9470 3131 8221029 1 540 770 1023
9495 3063 8221039 1 570 760 1023
9534 3003 8221049 1 570 760 1023
9580 2957 8221059 1 570 760 1023
9627 2937 8221069 1 570 760 1023
9678 2937 8221079 1 570 760 1023
9737 2945 8221089 1 570 760 1023
9799 2984 8221099 1 570 760 1023
9863 3042 8221109 1 570 760 937
9927 3138 8221119 1 540 770 749
9993 3276 8221129 1 540 770 103
11003 4407 8221221 0 590 780 987
11186 4310 8221231 1 640 790 1023
11166 4196 8221241 1 610 800 1023
11098 4068 8221251 1 610 800 1023
11067 4003 8221261 1 610 800 1023
11035 3980 8221271 1 610 800 884
10985 3980 8221281 1 610 800 504
