164
1895 7700 75850887 0 1260 510 195
1856 7700 75850897 1 1270 520 206
1846 7667 75850907 1 1280 530 211
1851 7606 75850917 1 1280 540 226
1870 7532 75850927 1 1290 550 280
1891 7373 75850937 1 1290 550 336
1915 7158 75850947 1 1290 550 446
1937 6840 75850957 1 1300 550 538
1952 6469 75850967 1 1300 550 603
1964 6063 75850977 1 1290 560 643
1983 5592 75850987 1 1290 560 663
2003 5125 75850997 1 1270 560 691
2029 4662 75851007 1 1270 570 708
2057 4291 75851017 1 1260 580 728
2092 3914 75851027 1 1230 590 725
2135 3631 75851037 1 1190 600 721
2172 3413 75851048 1 1180 600 725
2203 3256 75851058 1 1140 610 730
2213 3168 75851068 1 1110 610 730
2213 3127 75851078 1 1080 610 727
2213 3136 75851088 1 1050 610 724
2182 3239 75851098 1 1030 610 710
2142 3405 75851108 1 1010 620 700
2094 3653 75851118 1 970 620 676
2058 4015 75851128 1 970 620 666
2046 4452 75851138 1 960 620 659
2046 4915 75851148 1 940 620 644
2095 5383 75851158 1 940 620 638
2174 5855 75851168 1 960 620 630
2275 6255 75851178 1 970 620 624
2398 6621 75851188 1 990 620 616
2546 6964 75851198 1 1030 610 611
2710 7180 75851208 1 1040 600 620
2857 7339 75851218 1 1090 600 614
3009 7459 75851228 1 1110 590 603
3175 7503 75851238 1 1140 590 603
3347 7456 75851248 1 1170 580 602
3502 7348 75851258 1 1200 570 603
3658 7188 75851268 1 1220 570 614
3786 6975 75851278 1 1250 560 625
3894 6726 75851288 1 1260 560 650
3964 6473 75851298 1 1290 550 667
3983 6210 75851308 1 1300 540 693
3968 5942 75851318 1 1300 540 728
3896 5675 75851328 1 1300 540 727
3783 5445 75851338 1 1300 540 733
3643 5213 75851348 1 1300 540 736
3490 5050 75851358 1 1290 550 737
3329 4934 75851368 1 1280 540 740
3163 4878 75851378 1 1260 540 737
2975 4894 75851388 1 1260 540 734
2802 4958 75851398 1 1250 550 734
2639 5042 75851408 1 1240 550 740
2492 5121 75851418 1 1240 550 742
2393 5174 75851418 1 1220 560 748
2326 5213 75851428 1 1210 560 746
2298 5233 75851438 1 1210 560 740
2298 5239 75851448 1 1190 560 740
2320 5239 75851458 1 1190 560 739
2394 5218 75851468 1 1190 560 743
2533 5151 75851478 1 1180 560 742
2715 5052 75851488 1 1180 560 758
2908 4913 75851498 1 1180 560 759
3142 4745 75851508 1 1180 560 773
3404 4559 75851518 1 1180 560 782
3668 4416 75851528 1 1170 560 784
3925 4296 75851538 1 1170 560 793
4176 4192 75851548 1 1170 560 793
4415 4139 75851558 1 1160 560 785
4632 4147 75851568 1 1160 560 756
4835 4195 75851578 1 1160 560 731
4985 4297 75851588 1 1140 570 707
5113 4436 75851598 1 1140 570 691
5225 4601 75851608 1 1140 570 681
5297 4782 75851618 1 1140 570 679
5345 4958 75851628 1 1140 570 685
5378 5050 75851638 1 1140 570 691
5385 5087 75851648 1 1140 570 685
5374 5079 75851658 1 1140 570 681
5350 5065 75851668 1 1140 570 684
5313 4987 75851678 1 1140 570 697
5279 4868 75851688 1 1160 560 724
5247 4693 75851698 1 1160 560 743
5252 4513 75851708 1 1170 560 760
5287 4330 75851718 1 1170 560 763
5341 4147 75851728 1 1170 560 763
5419 4021 75851738 1 1180 560 753
5503 3932 75851748 1 1180 560 757
5587 3900 75851758 1 1180 560 758
5669 3927 75851768 1 1180 560 752
5742 3993 75851778 1 1200 550 751
5790 4094 75851788 1 1180 560 739
5820 4228 75851798 1 1180 560 727
5799 4384 75851808 1 1180 560 731
5753 4538 75851818 1 1180 560 730
5691 4662 75851828 1 1180 560 721
5639 4767 75851838 1 1180 560 730
5589 4786 75851848 1 1180 560 742
5565 4793 75851858 1 1180 560 737
5557 4793 75851868 1 1180 560 739
5572 4781 75851878 1 1180 560 748
5659 4750 75851888 1 1200 550 758
5794 4705 75851898 1 1200 550 768
5968 4697 75851908 1 1200 550 779
6191 4720 75851918 1 1210 560 782
6446 4765 75851928 1 1210 560 777
6696 4835 75851938 1 1210 560 771
6906 4919 75851948 1 1210 560 770
7090 5012 75851958 1 1220 570 757
7234 5127 75851968 1 1230 560 736
7340 5265 75851978 1 1230 560 699
7421 5419 75851988 1 1240 570 591
7448 5594 75851998 1 1240 570 440
7431 5784 75852008 1 1240 570 315
7384 5984 75852018 1 1260 580 281
7298 6148 75852028 1 1270 570 338
7190 6246 75852038 1 1270 570 420
7068 6301 75852048 1 1300 580 496
6974 6276 75852058 1 1310 570 533
6909 6213 75852068 1 1310 570 602
6862 6124 75852078 1 1320 570 665
6818 5923 75852088 1 1340 560 713
6818 5678 75852098 1 1350 550 756
6838 5403 75852108 1 1350 550 790
6877 5111 75852118 1 1360 550 820
6920 4820 75852128 1 1350 550 829
6971 4530 75852138 1 1350 550 832
7038 4301 75852148 1 1350 550 830
7116 4154 75852158 1 1350 550 830
7219 4061 75852168 1 1340 560 827
7335 4061 75852178 1 1340 560 814
7460 4139 75852188 1 1320 570 796
7576 4262 75852198 1 1320 570 794
7685 4410 75852208 1 1310 570 793
7788 4512 75852218 1 1300 580 788
7898 4584 75852228 1 1280 580 791
7987 4584 75852238 1 1270 590 794
8063 4528 75852248 1 1270 590 796
8141 4437 75852258 1 1250 590 797
8222 4336 75852268 1 1250 590 784
8322 4262 75852278 1 1240 600 716
8433 4206 75852288 1 1240 600 643
8554 4201 75852298 1 1240 600 627
8699 4243 75852308 1 1240 600 633
8859 4316 75852318 1 1250 600 667
9028 4397 75852328 1 1250 600 739
9202 4439 75852338 1 1250 600 796
9379 4455 75852348 1 1260 600 821
9588 4423 75852358 1 1260 600 824
9803 4391 75852368 1 1260 600 809
10023 4378 75852378 1 1280 610 700
10215 4378 75852388 1 1280 610 339
9785 5212 75852500 0 1310 600 452
9509 5149 75852510 1 1310 600 546
9391 5149 75852520 1 1320 590 569
9310 5109 75852530 1 1320 590 594
9250 5038 75852540 1 1320 590 591
9204 4972 75852550 1 1320 590 449
7708 5279 75852670 0 1320 580 668
7515 5195 75852680 1 1310 570 659
7476 5252 75852690 1 1300 560 665
7483 5241 75852700 1 1300 560 661
7505 5184 75852710 1 1300 560 647
7528 5116 75852720 1 1290 560 491
