172
2173 5030 8766846 0 1260 670 163
2027 5086 8766856 1 1250 650 182
1991 5142 8766866 1 1260 620 184
1999 5212 8766876 1 1260 600 187
2036 5278 8766886 1 1270 590 212
2107 5377 8766896 1 1260 570 276
2210 5498 8766906 1 1250 550 341
2335 5626 8766916 1 1250 540 369
2526 5769 8766926 1 1270 530 362
2722 5921 8766936 1 1270 520 369
2921 6013 8766946 1 1270 520 377
3091 6063 8766956 1 1280 520 384
3234 6086 8766966 1 1290 510 417
3358 6079 8766976 1 1300 510 414
3456 6047 8766986 1 1330 510 420
3529 5998 8766996 1 1330 510 428
3584 5925 8767006 1 1340 500 436
3595 5816 8767016 1 1340 500 444
3546 5684 8767026 1 1340 500 440
3457 5507 8767036 1 1350 500 445
3323 5289 8767046 1 1350 500 466
3170 5045 8767056 1 1350 500 490
3003 4804 8767066 1 1350 500 512
2877 4620 8767076 1 1350 500 550
2796 4473 8767086 1 1340 500 570
2745 4379 8767096 1 1340 500 559
2745 4348 8767106 1 1340 500 553
2799 4359 8767116 1 1330 510 550
2890 4402 8767126 1 1320 510 545
3025 4458 8767136 1 1320 510 546
3177 4524 8767146 1 1290 510 546
3341 4569 8767156 1 1290 510 548
3472 4578 8767166 1 1280 520 546
3567 4562 8767176 1 1280 520 546
3638 4507 8767186 1 1270 520 546
3654 4402 8767196 1 1270 520 543
3607 4263 8767206 1 1270 520 542
3519 4085 8767216 1 1270 520 554
3399 3890 8767226 1 1270 530 570
3280 3683 8767226 1 1270 530 580
3189 3541 8767236 1 1270 530 581
3117 3445 8767246 1 1270 530 578
3094 3380 8767256 1 1270 530 553
3124 3375 8767266 1 1250 540 522
3188 3405 8767276 1 1250 540 475
3306 3459 8767286 1 1250 540 464
3452 3508 8767296 1 1250 540 467
3617 3519 8767306 1 1240 540 477
3790 3506 8767316 1 1240 540 526
3888 3394 8767326 1 1240 540 541
3935 3205 8767336 1 1240 540 542
3941 2964 8767346 1 1230 550 591
3897 2677 8767356 1 1230 550 589
3819 2391 8767366 1 1230 550 595
3702 2107 8767376 1 1210 550 594
3587 1848 8767386 1 1210 550 595
3473 1682 8767396 1 1210 560 492
3428 1578 8767406 1 1190 560 80
3744 3445 8767476 0 1180 570 317
4117 4060 8767486 1 1180 570 343
4323 4337 8767496 1 1180 570 349
4508 4574 8767506 1 1180 570 349
4705 4743 8767516 1 1180 560 339
4911 4868 8767526 1 1180 560 338
5091 5000 8767536 1 1200 550 336
5275 5096 8767546 1 1200 540 336
5414 5167 8767556 1 1220 540 337
5521 5176 8767566 1 1230 530 320
5577 5107 8767576 1 1240 530 322
5560 4985 8767586 1 1250 530 325
5493 4740 8767596 1 1270 530 325
5349 4439 8767606 1 1270 530 330
5162 4101 8767616 1 1280 530 384
4946 3699 8767626 1 1280 530 474
4759 3384 8767636 1 1280 530 522
4637 3128 8767646 1 1280 530 530
4558 2968 8767656 1 1290 530 522
4558 2904 8767666 1 1280 540 545
4618 2904 8767676 1 1280 540 568
4719 2985 8767686 1 1280 540 564
4855 3136 8767696 1 1260 540 567
4990 3334 8767706 1 1260 540 570
5124 3544 8767716 1 1250 550 548
5276 3799 8767726 1 1250 550 517
5419 4083 8767736 1 1250 550 453
5555 4423 8767746 1 1240 550 394
5687 4775 8767756 1 1240 550 382
5794 5135 8767766 1 1240 550 393
5883 5473 8767776 1 1240 550 405
5897 5689 8767786 1 1250 550 458
5854 5824 8767796 1 1250 550 472
5773 5864 8767806 1 1250 550 478
5643 5812 8767816 1 1260 540 486
5491 5699 8767826 1 1280 540 496
5324 5493 8767836 1 1290 530 527
5161 5198 8767846 1 1290 530 562
5008 4844 8767856 1 1300 530 594
4890 4436 8767866 1 1300 530 633
4792 3984 8767876 1 1310 520 659
4731 3502 8767886 1 1310 520 670
4741 3009 8767896 1 1310 520 669
4797 2549 8767906 1 1310 520 681
4890 2110 8767916 1 1310 520 700
5013 1870 8767926 1 1300 530 713
5157 1789 8767936 1 1300 530 721
5355 1814 8767946 1 1280 530 722
5537 1917 8767956 1 1250 540 713
5707 2149 8767966 1 1250 550 711
5847 2468 8767976 1 1240 550 670
5937 2819 8767986 1 1220 560 613
5993 3173 8767997 1 1230 560 510
5993 3530 8768007 1 1220 570 415
5926 3767 8768017 1 1200 570 414
5820 3868 8768027 1 1200 570 495
5638 3879 8768037 1 1190 580 560
5433 3755 8768047 1 1190 580 665
5212 3604 8768057 1 1190 580 721
5097 3435 8768067 1 1190 580 758
5111 3334 8768077 1 1190 580 780
5211 3216 8768087 1 1190 580 790
5424 3088 8768097 1 1190 580 785
5691 2986 8768107 1 1190 580 790
5994 2894 8768117 1 1190 580 788
6286 2810 8768127 1 1190 580 757
6559 2761 8768137 1 1200 580 702
6819 2731 8768147 1 1200 580 492
7731 4636 8768338 0 1270 620 98
7786 4740 8768348 1 1290 610 158
7833 4804 8768358 1 1280 610 208
7891 4848 8768368 1 1290 600 325
7976 4879 8768378 1 1290 600 448
8095 4894 8768388 1 1280 590 524
8236 4905 8768398 1 1290 590 575
8426 4940 8768408 1 1290 590 613
8632 4992 8768418 1 1290 590 613
8848 5051 8768428 1 1290 590 614
9067 5110 8768438 1 1290 590 622
9236 5145 8768448 1 1290 590 617
9371 5165 8768458 1 1310 600 603
9444 5135 8768468 1 1320 590 583
9437 5048 8768478 1 1320 590 561
9376 4922 8768488 1 1340 600 543
9237 4737 8768498 1 1320 600 530
9051 4544 8768508 1 1320 600 540
8833 4346 8768518 1 1320 600 614
8598 4124 8768528 1 1310 610 662
8404 3944 8768538 1 1310 610 713
8237 3791 8768548 1 1320 610 763
8127 3670 8768558 1 1300 620 777
8074 3606 8768568 1 1300 620 780
8059 3579 8768578 1 1290 630 796
8096 3579 8768588 1 1270 630 796
8195 3605 8768598 1 1250 640 784
8336 3647 8768608 1 1250 640 790
8519 3711 8768618 1 1240 640 788
8708 3783 8768628 1 1240 640 788
8920 3860 8768638 1 1220 650 784
9146 3918 8768648 1 1220 650 779
9318 3935 8768658 1 1200 650 745
9434 3926 8768668 1 1200 650 699
9512 3873 8768678 1 1200 650 666
9496 3753 8768688 1 1200 650 655
9379 3589 8768698 1 1190 660 664
9194 3385 8768708 1 1190 660 752
8964 3133 8768718 1 1190 660 828
8725 2849 8768728 1 1170 670 941
8480 2547 8768738 1 1170 670 1023
8386 2383 8768748 1 1170 670 1023
8466 2312 8768758 1 1170 670 1023
8662 2321 8768768 1 1150 670 1023
9146 2442 8768778 1 1150 670 1023
9788 2637 8768788 1 1160 680 945
