172
2038 5406 8908359 0 1220 380 1
1979 5505 8908369 1 1230 400 6
1995 5521 8908379 1 1240 420 63
2037 5546 8908389 1 1250 430 127
2096 5578 8908399 1 1250 450 170
2182 5619 8908409 1 1260 470 207
2286 5668 8908419 1 1260 480 239
2403 5722 8908429 1 1280 490 254
2538 5773 8908439 1 1290 500 252
2677 5818 8908449 1 1290 510 272
2789 5832 8908459 1 1290 510 292
2881 5832 8908469 1 1300 520 334
2961 5798 8908479 1 1300 520 339
3027 5763 8908489 1 1300 520 351
3083 5710 8908499 1 1310 520 363
3107 5646 8908509 1 1310 520 368
3093 5556 8908519 1 1310 520 371
3053 5428 8908529 1 1310 520 361
2974 5276 8908539 1 1310 520 367
2885 5126 8908549 1 1310 520 387
2788 4987 8908559 1 1310 520 409
2710 4855 8908569 1 1330 520 420
2660 4751 8908579 1 1330 520 430
2628 4701 8908589 1 1330 520 425
2628 4686 8908599 1 1310 520 418
2651 4686 8908609 1 1310 520 415
2688 4695 8908619 1 1310 520 420
2748 4711 8908629 1 1300 530 422
2832 4744 8908639 1 1300 530 425
2933 4778 8908649 1 1300 530 427
3038 4812 8908659 1 1300 530 428
3118 4812 8908669 1 1300 530 427
3181 4764 8908679 1 1300 530 428
3194 4694 8908689 1 1300 530 433
3144 4574 8908699 1 1300 530 440
3051 4407 8908709 1 1300 530 449
2936 4209 8908719 1 1300 530 497
2825 4030 8908729 1 1300 530 504
2742 3878 8908739 1 1300 530 520
2676 3745 8908749 1 1310 540 509
2660 3702 8908759 1 1310 540 514
2704 3716 8908769 1 1310 540 498
2788 3767 8908779 1 1310 540 464
2941 3871 8908789 1 1310 540 467
3119 3974 8908799 1 1310 540 486
3314 4024 8908809 1 1310 540 498
3458 4038 8908819 1 1310 540 513
3540 3958 8908829 1 1310 540 586
3580 3804 8908839 1 1310 540 594
3569 3602 8908849 1 1300 540 614
3515 3373 8908859 1 1300 540 616
3431 3137 8908869 1 1300 540 616
3337 2897 8908879 1 1300 540 614
3276 2733 8908889 1 1300 540 551
3237 2701 8908899 1 1290 550 368
3825 5087 8909010 0 1250 540 392
4121 5373 8909020 1 1250 540 397
4184 5504 8909030 1 1270 530 393
4268 5556 8909040 1 1280 530 396
4342 5603 8909050 1 1270 520 396
4410 5645 8909060 1 1280 520 398
4487 5689 8909070 1 1280 520 388
4564 5736 8909080 1 1290 510 391
4643 5785 8909090 1 1280 500 396
4706 5818 8909100 1 1290 500 356
4757 5802 8909110 1 1290 500 309
4751 5754 8909120 1 1300 500 251
4685 5622 8909130 1 1300 500 129
4580 5414 8909140 1 1290 500 91
4445 5156 8909150 1 1290 500 98
4294 4845 8909160 1 1290 500 212
4132 4531 8909170 1 1290 500 398
3988 4269 8909180 1 1280 500 452
3922 4042 8909190 1 1280 500 474
3907 3911 8909200 1 1280 500 475
3934 3850 8909210 1 1290 510 496
4009 3835 8909220 1 1280 520 510
4115 3890 8909230 1 1280 520 519
4248 4002 8909240 1 1280 520 522
4381 4151 8909250 1 1270 520 515
4509 4358 8909260 1 1270 520 518
4634 4582 8909270 1 1270 520 499
4750 4817 8909280 1 1270 520 474
4832 5091 8909290 1 1270 530 410
4891 5368 8909300 1 1270 530 359
4923 5647 8909310 1 1270 530 307
4931 5898 8909320 1 1270 530 277
4923 6120 8909330 1 1280 530 269
4894 6323 8909340 1 1290 530 286
4852 6518 8909350 1 1300 530 306
4802 6658 8909360 1 1310 520 317
4741 6762 8909370 1 1310 520 351
4674 6786 8909380 1 1330 520 364
4603 6714 8909390 1 1340 510 362
4522 6579 8909400 1 1340 500 394
4440 6298 8909410 1 1340 500 415
4356 5944 8909420 1 1350 500 442
4290 5541 8909430 1 1360 490 483
4224 5040 8909440 1 1360 490 512
4185 4489 8909450 1 1360 490 521
4164 3905 8909460 1 1360 490 554
4203 3406 8909470 1 1350 500 588
4276 3037 8909480 1 1340 490 611
4372 2756 8909490 1 1330 500 644
4493 2628 8909500 1 1320 500 659
4641 2589 8909510 1 1300 510 661
4806 2610 8909520 1 1290 510 658
4937 2778 8909530 1 1280 520 665
5053 3045 8909540 1 1250 530 659
5158 3377 8909550 1 1250 540 649
5253 3709 8909560 1 1230 550 644
5318 4017 8909570 1 1210 550 605
5364 4309 8909580 1 1210 550 566
5358 4444 8909590 1 1200 550 540
5298 4503 8909600 1 1180 560 536
5202 4512 8909610 1 1180 560 568
5091 4479 8909620 1 1180 560 611
5031 4418 8909630 1 1180 560 627
5006 4339 8909640 1 1180 560 650
5057 4220 8909650 1 1210 560 667
5180 4074 8909660 1 1210 560 667
5352 3911 8909670 1 1210 560 659
5533 3749 8909680 1 1220 560 633
5716 3629 8909690 1 1220 560 570
5876 3536 8909700 1 1230 560 425
6021 3487 8909710 1 1230 560 279
6972 5187 8909851 0 1260 580 267
7065 5258 8909861 1 1270 570 280
7080 5305 8909871 1 1280 570 282
7134 5361 8909881 1 1300 560 274
7214 5371 8909891 1 1300 560 294
7320 5385 8909901 1 1310 560 366
7456 5419 8909911 1 1310 560 415
7611 5465 8909921 1 1320 550 440
7796 5529 8909931 1 1340 560 450
7985 5590 8909941 1 1340 560 453
8148 5648 8909951 1 1350 570 444
8291 5678 8909961 1 1360 570 376
8396 5673 8909971 1 1360 570 276
8429 5645 8909981 1 1360 580 173
8415 5569 8909991 1 1360 580 67
8317 5434 8910001 1 1360 580 37
8169 5260 8910011 1 1360 580 170
7988 5076 8910021 1 1380 590 371
7800 4898 8910031 1 1380 590 464
7672 4750 8910041 1 1360 600 512
7583 4621 8910051 1 1360 600 522
7544 4545 8910061 1 1360 600 551
7533 4501 8910071 1 1350 600 563
7540 4478 8910081 1 1350 600 597
7587 4466 8910091 1 1350 600 627
7672 4466 8910101 1 1350 600 638
7783 4484 8910111 1 1340 610 656
7930 4521 8910121 1 1340 610 667
8077 4574 8910131 1 1340 610 665
8238 4638 8910141 1 1320 610 661
8407 4697 8910151 1 1320 610 636
8542 4714 8910161 1 1320 610 584
8598 4703 8910171 1 1300 620 537
8598 4638 8910181 1 1300 620 515
8509 4519 8910191 1 1300 620 512
8334 4365 8910201 1 1300 620 529
8104 4157 8910211 1 1320 630 627
7842 3919 8910221 1 1300 630 754
7621 3661 8910231 1 1300 630 828
7426 3451 8910241 1 1300 630 876
7336 3301 8910251 1 1290 640 945
7407 3192 8910261 1 1290 640 978
7586 3158 8910271 1 1280 650 994
8007 3250 8910281 1 1280 650 941
8586 3427 8910291 1 1280 650 824
9270 3641 8910301 1 1260 660 208
