161
3277 4704 52456568 0 1340 380 425
3277 4704 52456578 1 1330 380 422
3118 4719 52456588 1 1340 390 415
3109 4732 52456598 1 1340 400 420
3182 4743 52456608 1 1350 410 427
3309 4789 52456618 1 1360 420 446
3473 4858 52456628 1 1360 430 466
3668 4931 52456638 1 1360 440 464
3884 5019 52456648 1 1360 450 467
4083 5117 52456658 1 1360 460 447
4288 5182 52456668 1 1360 470 286
4311 6010 52456768 0 1380 480 329
4200 5992 52456778 1 1380 480 346
4164 6027 52456788 1 1380 480 348
4086 5958 52456798 1 1390 470 364
4039 5819 52456808 1 1390 470 398
4013 5586 52456818 1 1390 470 456
3975 5233 52456828 1 1390 470 522
3925 4799 52456838 1 1390 470 567
3868 4323 52456848 1 1380 480 578
3832 3824 52456858 1 1380 480 586
3832 3310 52456868 1 1370 480 584
3864 2900 52456878 1 1350 490 546
3930 2650 52456888 1 1340 490 397
4017 2506 52456898 1 1330 500 66
3943 4181 52456999 0 1210 530 339
3776 4133 52457009 1 1210 530 344
3595 4095 52457019 1 1200 520 348
3446 3938 52457029 1 1200 520 349
3296 3703 52457039 1 1210 520 351
3141 3505 52457049 1 1200 510 349
3039 3385 52457059 1 1210 510 277
2977 3317 52457069 1 1210 510 27
3426 4116 52457119 0 1230 490 144
3844 4434 52457129 1 1230 490 235
3941 4519 52457139 1 1250 500 314
4020 4542 52457149 1 1250 500 392
4087 4524 52457159 1 1250 500 440
4163 4474 52457169 1 1250 500 463
4235 4387 52457179 1 1250 500 468
4304 4276 52457189 1 1250 500 436
4371 4162 52457199 1 1260 500 255
5175 5232 52457399 0 1270 460 561
5100 5150 52457409 1 1270 460 409
5008 5193 52457419 1 1270 460 418
4976 5270 52457429 1 1290 460 412
4984 5314 52457439 1 1300 460 417
5090 5314 52457449 1 1310 450 418
5240 5285 52457459 1 1320 460 439
5418 5285 52457469 1 1330 450 456
5592 5302 52457479 1 1340 460 461
5771 5336 52457489 1 1330 460 450
5954 5400 52457499 1 1340 470 305
5779 6131 52457609 0 1360 480 415
5780 5988 52457619 1 1360 480 396
5724 5941 52457629 1 1360 480 413
5690 5924 52457639 1 1360 480 444
5671 5707 52457649 1 1370 470 499
5642 5406 52457659 1 1370 470 557
5613 5049 52457669 1 1360 470 585
5573 4598 52457679 1 1360 470 610
5566 4118 52457689 1 1350 470 616
5588 3618 52457700 1 1340 470 589
5643 3257 52457710 1 1330 470 452
5727 2981 52457720 1 1330 480 149
5520 4763 52457850 0 1210 530 312
5517 4871 52457860 1 1220 530 324
5416 4824 52457870 1 1220 530 335
5241 4652 52457880 1 1230 520 336
5080 4398 52457890 1 1230 510 356
4926 4177 52457900 1 1250 510 361
4776 4002 52457910 1 1260 500 361
4665 3858 52457920 1 1270 500 230
5470 5118 52458010 0 1280 480 442
5647 5054 52458020 1 1280 480 478
5670 5033 52458030 1 1280 480 498
5681 5057 52458040 1 1280 480 526
5753 4945 52458050 1 1280 480 540
5865 4854 52458060 1 1280 480 546
5955 4776 52458070 1 1280 480 537
6060 4723 52458080 1 1290 490 387
7082 5820 52458371 0 1370 480 304
7219 5844 52458381 1 1370 480 364
7163 5832 52458391 1 1380 480 369
7163 5832 52458401 1 1370 470 376
7201 5790 52458411 1 1370 470 398
7267 5729 52458421 1 1380 470 394
7338 5672 52458431 1 1370 460 394
7403 5584 52458441 1 1370 460 362
7462 5475 52458451 1 1370 470 181
7251 4198 52458551 0 1360 500 469
7191 3777 52458561 1 1360 500 472
7050 3692 52458571 1 1350 510 509
6983 3684 52458581 1 1350 510 512
6966 3675 52458591 1 1340 510 533
6966 3701 52458601 1 1330 520 530
7007 3750 52458611 1 1330 520 527
7073 3902 52458621 1 1310 520 532
7205 4088 52458631 1 1310 520 524
7384 4298 52458641 1 1310 520 466
7594 4505 52458651 1 1310 520 213
8169 5914 52458771 0 1370 500 356
8149 5835 52458781 1 1370 500 364
8095 5814 52458791 1 1380 490 364
8057 5732 52458801 1 1380 490 373
8034 5633 52458811 1 1380 490 361
8012 5524 52458821 1 1390 480 364
7991 5400 52458831 1 1410 490 362
7969 5277 52458841 1 1410 490 371
7969 5161 52458851 1 1420 480 272
7974 5093 52458861 1 1420 480 103
8189 5344 52458931 0 1430 510 80
8142 5477 52458941 1 1420 520 221
8130 5550 52458951 1 1420 520 315
8130 5550 52458961 1 1420 520 376
8199 5652 52458971 1 1420 520 436
8280 5696 52458981 1 1420 520 498
8406 5741 52458991 1 1420 520 546
8561 5800 52459001 1 1420 520 588
8746 5866 52459011 1 1440 510 616
8937 5911 52459021 1 1440 510 646
9133 5931 52459031 1 1460 520 673
9299 5931 52459041 1 1460 520 696
9466 5920 52459051 1 1480 510 707
9611 5894 52459061 1 1490 520 728
9740 5862 52459071 1 1490 520 728
9839 5820 52459081 1 1510 510 733
9886 5761 52459091 1 1510 510 725
9899 5691 52459101 1 1530 520 728
9858 5593 52459111 1 1530 520 730
9789 5478 52459121 1 1530 520 728
9702 5353 52459131 1 1540 520 722
9626 5244 52459141 1 1540 520 663
9551 5155 52459151 1 1550 520 568
9473 5080 52459161 1 1540 530 372
8177 4638 52459252 0 1530 540 417
8177 4638 52459262 1 1520 540 452
8177 4638 52459272 1 1520 540 461
8177 4638 52459282 1 1520 540 468
8177 4638 52459292 1 1500 540 498
8398 4639 52459302 1 1500 540 524
8615 4700 52459312 1 1500 540 540
8825 4762 52459322 1 1480 540 543
9034 4825 52459332 1 1480 540 535
9202 4878 52459342 1 1480 540 358
9003 6783 52459492 0 1510 480 405
9003 6783 52459502 1 1510 470 425
9028 6878 52459512 1 1520 460 417
8988 6850 52459522 1 1520 450 425
9006 6762 52459532 1 1520 450 452
9006 6591 52459542 1 1510 450 522
8988 6309 52459552 1 1520 440 600
8943 5952 52459562 1 1520 440 644
8880 5514 52459572 1 1520 440 662
8806 4995 52459582 1 1510 450 668
8725 4421 52459592 1 1510 450 670
8689 3887 52459602 1 1510 460 664
8684 3422 52459612 1 1500 470 647
8689 3002 52459622 1 1490 490 589
8689 2611 52459632 1 1490 510 488
8689 2351 52459642 1 1470 520 96
