227
3832 5954 283077 0 1540 550 427
3832 5954 283087 1 1540 550 418
3832 5954 283097 1 1540 550 420
3832 5954 283107 1 1540 550 422
3916 6052 283117 1 1540 550 442
3954 6116 283127 1 1530 540 463
3965 6193 283137 1 1530 540 490
3976 6254 283147 1 1530 540 497
3976 6313 283157 1 1530 540 533
3969 6369 283167 1 1530 540 545
3952 6420 283177 1 1530 540 566
3924 6455 283187 1 1520 540 592
3888 6480 283197 1 1520 540 588
3842 6480 283207 1 1520 540 588
3783 6442 283217 1 1520 540 594
3715 6379 283227 1 1510 530 605
3631 6270 283237 1 1510 530 616
3553 6161 283247 1 1510 530 644
3504 6054 283257 1 1510 530 659
3473 5966 283267 1 1510 530 673
3465 5888 283277 1 1510 530 667
3478 5832 283287 1 1500 540 669
3505 5798 283297 1 1500 540 670
3548 5779 283307 1 1480 540 678
3619 5779 283317 1 1470 550 679
3708 5831 283327 1 1470 550 669
3811 5908 283337 1 1470 550 670
3905 6005 283347 1 1470 550 675
3994 6099 283357 1 1470 550 676
4063 6186 283367 1 1470 550 682
4099 6242 283377 1 1470 550 697
4112 6278 283387 1 1460 550 713
4112 6278 283397 1 1460 550 722
4106 6278 283407 1 1460 550 717
4106 6278 283417 1 1480 560 731
4106 6232 283427 1 1480 560 740
4083 6158 283437 1 1480 560 758
4051 6020 283447 1 1480 560 763
4022 5850 283457 1 1480 560 794
3982 5658 283467 1 1490 550 808
3934 5452 283477 1 1490 550 828
3881 5243 283487 1 1490 550 864
3824 5062 283497 1 1490 550 884
3763 4900 283507 1 1480 560 899
3693 4755 283517 1 1480 560 930
3620 4649 283527 1 1470 560 935
3544 4569 283537 1 1470 560 953
3467 4502 283547 1 1460 570 968
3374 4447 283557 1 1440 580 977
3270 4400 283567 1 1430 570 980
3146 4374 283577 1 1420 580 980
3016 4369 283587 1 1420 580 979
2883 4377 283597 1 1390 580 971
2762 4421 283607 1 1390 580 947
2645 4503 283617 1 1380 590 929
2531 4610 283627 1 1380 590 884
2460 4744 283637 1 1360 580 799
2437 4879 283647 1 1360 580 643
2447 5016 283657 1 1360 580 320
4555 5788 283828 0 1470 520 316
4670 5800 283838 1 1470 520 363
4698 5841 283848 1 1480 530 396
4703 5901 283858 1 1480 530 425
4725 5941 283868 1 1480 530 473
4751 6012 283878 1 1480 530 514
4758 6103 283888 1 1480 530 532
4752 6164 283898 1 1490 530 551
4744 6227 283908 1 1490 530 566
4716 6292 283918 1 1480 540 592
4674 6338 283928 1 1480 540 627
4623 6358 283938 1 1480 540 645
4570 6358 283948 1 1500 540 641
4515 6324 283958 1 1500 540 663
4422 6257 283968 1 1500 540 696
4351 6169 283978 1 1500 540 722
4294 6062 283988 1 1510 540 727
4256 5961 283998 1 1520 540 728
4243 5864 284008 1 1520 540 731
4243 5786 284018 1 1520 540 736
4270 5739 284028 1 1500 540 736
4312 5713 284038 1 1500 540 731
4366 5703 284048 1 1500 540 727
4441 5724 284058 1 1470 550 730
4536 5767 284068 1 1470 550 713
4644 5844 284078 1 1460 550 705
4749 5928 284088 1 1450 550 707
4820 6018 284098 1 1450 550 710
4867 6083 284108 1 1450 550 721
4883 6128 284118 1 1450 550 727
4883 6159 284128 1 1450 550 748
4883 6159 284138 1 1450 550 740
4878 6159 284148 1 1450 550 737
4878 6146 284158 1 1450 550 751
4865 6084 284168 1 1450 550 763
4842 5987 284178 1 1460 550 782
4834 5880 284188 1 1460 550 793
4829 5789 284198 1 1470 550 787
4842 5709 284208 1 1490 550 799
4866 5658 284218 1 1490 550 808
4902 5625 284228 1 1490 550 812
4944 5605 284238 1 1500 550 820
5012 5615 284248 1 1500 550 817
5096 5663 284258 1 1500 550 793
5220 5736 284268 1 1500 550 770
5353 5843 284278 1 1490 560 746
5491 5964 284288 1 1490 560 727
5605 6095 284298 1 1510 560 733
5696 6219 284308 1 1510 560 720
5772 6338 284318 1 1510 560 733
5815 6418 284328 1 1510 560 750
5834 6474 284338 1 1520 570 773
5834 6492 284348 1 1520 570 790
5834 6497 284358 1 1520 570 791
5834 6497 284368 1 1530 560 782
5834 6497 284378 1 1530 560 791
5814 6439 284388 1 1540 560 793
5767 6351 284398 1 1550 550 817
5700 6216 284408 1 1550 550 827
5639 6080 284418 1 1550 550 863
5584 5939 284428 1 1560 550 867
5553 5799 284438 1 1560 550 881
5537 5710 284448 1 1560 550 888
5546 5654 284458 1 1560 550 888
5570 5610 284468 1 1550 550 894
5605 5586 284478 1 1550 550 896
5645 5576 284488 1 1540 550 887
5707 5588 284498 1 1530 560 853
5783 5627 284508 1 1530 560 818
5868 5684 284518 1 1520 570 791
5932 5749 284528 1 1520 570 730
5982 5812 284538 1 1510 580 667
5995 5869 284548 1 1510 580 560
5976 5920 284558 1 1510 580 492
5935 5961 284568 1 1510 580 463
5873 5992 284578 1 1510 580 445
5788 6015 284588 1 1510 580 439
5688 6035 284598 1 1510 580 439
5587 6054 284608 1 1520 570 439
5490 6071 284618 1 1520 570 488
5396 6083 284628 1 1530 560 554
5339 6090 284638 1 1530 560 624
5315 6090 284648 1 1530 560 667
5315 6096 284658 1 1540 550 669
5320 6096 284668 1 1540 550 697
5378 6114 284678 1 1550 540 727
5470 6142 284688 1 1550 540 737
5612 6185 284698 1 1560 530 736
5767 6223 284708 1 1560 530 724
5930 6258 284718 1 1560 530 690
6026 6263 284728 1 1560 530 609
6095 6248 284738 1 1560 530 446
6105 6077 284799 0 1570 540 374
6035 5998 284809 1 1570 540 440
6028 5973 284819 1 1570 540 491
6040 5949 284829 1 1570 540 570
6060 5917 284839 1 1570 540 647
6103 5900 284849 1 1570 540 702
6162 5892 284859 1 1570 540 725
6256 5908 284869 1 1570 540 746
6375 5950 284879 1 1570 540 752
6511 6010 284889 1 1570 540 754
6640 6081 284899 1 1570 540 755
6760 6156 284909 1 1580 540 758
6874 6234 284919 1 1580 540 758
6947 6310 284929 1 1580 540 758
6991 6386 284939 1 1600 540 754
7016 6462 284949 1 1600 540 757
7000 6511 284959 1 1610 550 757
6963 6544 284969 1 1610 550 761
6913 6556 284979 1 1610 550 760
6822 6527 284989 1 1630 550 754
6714 6472 284999 1 1630 550 780
6595 6377 285009 1 1630 550 796
6513 6276 285019 1 1630 550 823
6437 6164 285029 1 1630 550 837
6385 6045 285039 1 1630 550 864
6346 5922 285049 1 1630 550 860
6338 5798 285059 1 1620 560 875
6364 5716 285069 1 1620 560 888
6412 5664 285079 1 1620 560 905
6483 5631 285089 1 1600 560 897
6590 5631 285099 1 1600 560 897
6722 5650 285109 1 1600 560 905
6906 5708 285119 1 1570 570 882
7087 5796 285129 1 1570 570 852
7266 5905 285139 1 1570 570 826
7443 6019 285149 1 1570 570 785
7587 6131 285159 1 1570 570 788
7709 6241 285169 1 1570 580 791
7810 6352 285179 1 1570 580 784
7866 6422 285189 1 1570 580 800
7891 6466 285199 1 1580 580 829
7891 6479 285209 1 1580 580 824
7885 6486 285219 1 1580 580 825
7873 6486 285229 1 1580 580 827
7841 6454 285239 1 1610 570 843
7791 6406 285249 1 1610 570 854
7730 6320 285259 1 1610 570 881
7696 6239 285269 1 1630 570 890
7686 6161 285279 1 1630 560 903
7692 6091 285289 1 1630 560 902
7717 6023 285299 1 1630 560 920
7768 5957 285309 1 1640 550 933
7836 5886 285319 1 1630 560 941
7921 5815 285329 1 1630 560 938
8008 5757 285339 1 1630 560 949
8095 5709 285349 1 1640 570 959
8181 5663 285359 1 1640 570 968
8254 5616 285369 1 1640 570 973
8318 5564 285379 1 1640 580 980
8348 5507 285389 1 1640 580 991
8340 5446 285399 1 1650 590 997
8306 5374 285409 1 1650 590 1023
8239 5296 285419 1 1650 590 1023
8152 5218 285429 1 1640 600 1023
8051 5160 285439 1 1640 600 1023
7936 5115 285449 1 1630 610 1023
7805 5084 285459 1 1630 610 1023
7662 5062 285469 1 1630 610 1023
7522 5046 285479 1 1630 620 1023
7387 5040 285489 1 1610 620 1023
7293 5040 285499 1 1610 620 1023
7223 5050 285509 1 1620 610 1014
7183 5060 285519 1 1620 610 962
7149 5073 285529 1 1600 600 879
7126 5089 285539 1 1600 600 722
7108 5101 285549 1 1610 600 297
