235
3535 5269 271300 0 1470 650 44
3535 5269 271310 1 1480 630 99
3535 5269 271320 1 1480 610 81
3593 5360 271330 1 1480 600 73
3621 5382 271340 1 1490 580 85
3656 5411 271350 1 1480 570 91
3695 5443 271360 1 1480 560 141
3722 5462 271370 1 1490 550 175
3750 5483 271380 1 1490 550 233
3775 5506 271390 1 1470 550 306
3797 5536 271400 1 1470 550 363
3816 5574 271410 1 1470 550 394
3835 5617 271420 1 1470 550 397
3854 5673 271430 1 1470 550 400
3877 5745 271440 1 1470 550 405
3899 5827 271450 1 1490 550 405
3909 5932 271460 1 1490 550 414
3909 6032 271470 1 1490 550 473
3896 6096 271480 1 1500 550 537
3864 6137 271490 1 1510 540 564
3821 6157 271500 1 1510 540 575
3770 6146 271510 1 1520 540 594
3697 6114 271520 1 1520 540 605
3609 6042 271530 1 1520 540 634
3519 5931 271540 1 1530 530 655
3441 5794 271550 1 1530 530 675
3370 5683 271560 1 1530 530 696
3316 5572 271570 1 1530 530 711
3283 5468 271580 1 1530 530 719
3263 5370 271590 1 1530 530 722
3276 5303 271600 1 1530 530 724
3313 5259 271610 1 1530 530 733
3365 5231 271620 1 1520 540 730
3441 5231 271630 1 1520 540 719
3543 5275 271640 1 1520 540 690
3661 5344 271650 1 1500 540 679
3786 5442 271660 1 1500 540 666
3883 5538 271670 1 1490 550 664
3962 5627 271680 1 1490 550 667
4005 5683 271690 1 1460 550 688
4019 5718 271700 1 1460 550 700
4014 5718 271710 1 1460 550 707
4014 5713 271720 1 1460 550 707
4014 5708 271730 1 1460 550 728
4001 5650 271740 1 1460 550 748
3979 5557 271750 1 1480 560 756
3945 5415 271760 1 1480 560 790
3912 5251 271770 1 1480 560 797
3866 5073 271780 1 1480 560 832
3812 4879 271790 1 1480 560 852
3745 4704 271800 1 1480 560 872
3671 4542 271810 1 1480 560 903
3593 4404 271820 1 1480 560 908
3521 4286 271830 1 1480 560 926
3446 4182 271840 1 1480 560 947
3362 4105 271850 1 1480 560 944
3274 4056 271860 1 1480 560 953
3173 4025 271870 1 1480 560 953
3061 4020 271880 1 1470 560 956
2942 4039 271890 1 1450 560 947
2829 4074 271900 1 1450 560 942
2711 4143 271910 1 1450 560 909
2590 4252 271920 1 1450 560 860
2507 4387 271930 1 1440 570 791
2476 4531 271940 1 1430 560 666
2476 4655 271950 1 1430 560 473
2552 4767 271960 1 1430 560 27
4874 5743 272141 0 1500 500 322
4874 5743 272151 1 1510 500 361
4874 5743 272161 1 1510 500 386
4915 5823 272171 1 1510 500 398
4915 5858 272181 1 1510 510 422
4915 5928 272191 1 1510 510 447
4909 5996 272201 1 1530 520 474
4895 6061 272211 1 1530 520 498
4875 6122 272221 1 1540 520 521
4840 6160 272231 1 1530 530 538
4776 6184 272241 1 1530 530 539
4693 6174 272251 1 1530 530 560
4584 6116 272261 1 1530 530 592
4474 6027 272271 1 1530 530 645
4363 5901 272281 1 1530 530 675
4273 5771 272291 1 1530 530 690
4213 5666 272301 1 1530 530 710
4174 5580 272311 1 1530 530 714
4174 5504 272321 1 1530 530 716
4189 5447 272331 1 1520 530 717
4222 5404 272341 1 1520 530 719
4278 5380 272351 1 1500 520 716
4357 5396 272361 1 1490 530 702
4452 5440 272371 1 1480 530 687
4565 5516 272381 1 1480 530 664
4681 5600 272391 1 1470 530 661
4774 5690 272401 1 1460 530 667
4851 5765 272411 1 1450 540 671
4881 5809 272421 1 1460 540 697
4887 5832 272431 1 1460 540 705
4877 5823 272441 1 1450 550 697
4877 5814 272451 1 1460 550 697
4877 5805 272461 1 1460 550 719
4870 5741 272471 1 1460 550 725
4853 5660 272481 1 1480 560 743
4861 5568 272491 1 1480 560 750
4873 5490 272501 1 1480 560 757
4894 5433 272511 1 1490 560 760
4926 5389 272521 1 1490 560 773
4966 5359 272531 1 1490 560 776
5016 5352 272541 1 1510 560 782
5084 5360 272551 1 1510 560 779
5164 5408 272561 1 1510 560 759
5275 5487 272571 1 1510 560 740
5386 5586 272581 1 1510 560 719
5495 5692 272591 1 1510 560 690
5583 5815 272601 1 1490 560 691
5658 5950 272611 1 1490 560 699
5709 6073 272621 1 1510 560 711
5735 6148 272631 1 1520 560 733
5745 6192 272641 1 1520 560 758
5757 6215 272651 1 1520 560 757
5757 6222 272661 1 1530 550 750
5757 6222 272671 1 1530 550 763
5757 6214 272681 1 1530 540 757
5724 6159 272691 1 1530 540 777
5674 6070 272701 1 1530 540 784
5614 5935 272711 1 1540 530 808
5556 5795 272721 1 1540 530 829
5522 5652 272731 1 1540 530 825
5503 5546 272741 1 1540 530 833
5503 5455 272751 1 1540 530 831
5503 5374 272761 1 1540 530 833
5528 5321 272771 1 1540 530 833
5560 5294 272781 1 1540 530 833
5605 5285 272791 1 1530 540 824
5655 5303 272801 1 1530 540 802
5728 5354 272811 1 1520 540 761
5814 5427 272821 1 1510 540 688
5878 5498 272831 1 1530 550 613
5905 5552 272841 1 1530 550 544
5905 5594 272851 1 1520 560 501
5886 5626 272861 1 1520 560 496
5835 5654 272871 1 1510 560 491
5764 5669 272881 1 1510 560 491
5679 5677 272891 1 1510 560 496
5590 5685 272901 1 1510 560 496
5498 5694 272911 1 1510 560 497
5409 5705 272921 1 1510 560 559
5351 5713 272931 1 1520 570 638
5313 5720 272941 1 1520 570 699
5313 5720 272951 1 1520 570 713
5313 5726 272961 1 1520 570 740
5328 5726 272971 1 1520 570 793
5402 5756 272981 1 1520 570 799
5515 5802 272991 1 1520 570 802
5661 5860 273001 1 1510 560 796
5801 5912 273011 1 1510 560 796
5937 5937 273021 1 1510 560 731
6014 5947 273031 1 1520 560 634
6062 5936 273041 1 1520 560 463
6090 5909 273051 1 1520 560 109
6024 5791 273082 0 1540 550 88
5947 5682 273092 1 1540 550 239
5924 5651 273102 1 1550 550 344
5914 5619 273112 1 1550 550 422
5922 5585 273122 1 1550 550 496
5936 5562 273132 1 1580 550 592
5971 5545 273142 1 1580 550 661
6017 5535 273152 1 1570 560 700
6096 5543 273162 1 1570 560 728
6194 5562 273172 1 1570 560 733
6305 5596 273182 1 1560 570 721
6418 5644 273192 1 1560 570 722
6527 5701 273202 1 1560 570 720
6634 5768 273212 1 1550 580 728
6725 5839 273222 1 1550 580 719
6775 5913 273232 1 1550 580 721
6797 5958 273242 1 1550 580 724
6777 6000 273252 1 1560 570 728
6745 6036 273262 1 1560 570 724
6705 6041 273262 1 1570 560 727
6623 6025 273272 1 1570 560 731
6524 5969 273282 1 1570 560 739
6413 5890 273292 1 1580 550 759
6337 5795 273302 1 1580 550 790
6284 5702 273312 1 1580 550 832
6246 5603 273322 1 1580 550 837
6235 5506 273332 1 1580 540 855
6251 5413 273342 1 1580 540 867
6285 5338 273352 1 1580 540 858
6340 5291 273362 1 1580 540 873
6420 5264 273372 1 1580 550 882
6516 5270 273382 1 1580 550 884
6658 5323 273392 1 1580 550 854
6832 5407 273402 1 1570 560 822
7028 5513 273412 1 1570 560 797
7195 5617 273422 1 1570 560 757
7341 5717 273432 1 1570 570 754
7472 5832 273442 1 1570 570 749
7572 5957 273452 1 1570 580 757
7641 6064 273462 1 1580 580 759
7689 6133 273472 1 1580 580 777
7710 6177 273482 1 1590 570 785
7710 6189 273492 1 1610 570 797
7710 6189 273502 1 1610 570 800
7705 6183 273512 1 1620 580 811
7685 6158 273522 1 1630 570 817
7653 6098 273532 1 1630 570 837
7633 6014 273542 1 1640 570 852
7617 5930 273552 1 1650 560 863
7617 5846 273562 1 1650 560 866
7635 5772 273572 1 1650 560 885
7664 5706 273582 1 1650 560 909
7699 5652 273592 1 1650 560 909
7761 5597 273602 1 1650 560 918
7838 5546 273612 1 1650 560 923
7927 5497 273622 1 1650 560 929
8007 5447 273632 1 1640 570 936
8071 5396 273642 1 1630 570 944
8128 5342 273652 1 1630 570 951
8167 5285 273662 1 1620 580 941
8176 5229 273672 1 1620 580 958
8166 5172 273682 1 1610 590 980
8127 5108 273692 1 1610 590 991
8065 5045 273702 1 1610 600 1018
7988 4983 273712 1 1610 600 1023
7892 4931 273722 1 1610 600 1023
7782 4884 273732 1 1610 600 1023
7662 4855 273742 1 1620 600 1023
7539 4839 273752 1 1620 600 1023
7421 4833 273762 1 1620 600 1023
7305 4840 273772 1 1620 600 1023
7209 4856 273782 1 1630 590 1023
7139 4877 273792 1 1630 590 1008
7087 4907 273802 1 1630 590 945
7044 4941 273812 1 1610 590 817
7018 4978 273822 1 1610 590 491
