310
3966 7019 1018694 0 1350 790 48
3949 7213 1018704 1 1350 770 127
3925 7312 1018714 1 1350 760 190
3897 7401 1018724 1 1350 730 249
3856 7462 1018734 1 1370 710 269
3799 7505 1018744 1 1370 700 276
3799 7505 1018754 1 1370 670 289
3641 7483 1018764 1 1370 650 304
3540 7432 1018774 1 1370 620 309
3431 7357 1018784 1 1350 600 325
3321 7278 1018794 1 1360 580 337
3195 7171 1018804 1 1360 560 333
3058 7047 1018814 1 1360 550 346
2916 6874 1018824 1 1370 530 405
2772 6677 1018834 1 1370 510 440
2621 6463 1018844 1 1370 500 471
2464 6191 1018854 1 1360 490 489
2334 5913 1018864 1 1350 490 512
2245 5630 1018874 1 1350 490 522
2183 5396 1018884 1 1350 490 515
2156 5193 1018894 1 1340 490 512
2169 5011 1018904 1 1330 500 513
2209 4899 1018914 1 1330 500 522
2280 4842 1018924 1 1320 500 512
2384 4821 1018934 1 1320 500 516
2510 4867 1018944 1 1300 510 519
2674 4962 1018954 1 1300 510 526
2837 5089 1018964 1 1290 510 527
2998 5244 1018974 1 1280 500 530
3179 5415 1018984 1 1270 510 526
3346 5596 1018994 1 1270 510 526
3504 5741 1019004 1 1270 510 527
3641 5884 1019014 1 1260 500 526
3737 5970 1019024 1 1260 500 512
3805 6019 1019034 1 1260 500 473
3816 6012 1019044 1 1260 500 442
3777 5927 1019054 1 1270 500 399
3705 5791 1019064 1 1270 500 361
3565 5609 1019074 1 1270 500 369
3404 5356 1019084 1 1280 490 368
3228 5056 1019094 1 1280 490 366
3029 4711 1019104 1 1280 490 398
2847 4362 1019114 1 1280 490 427
2676 4011 1019124 1 1270 500 468
2514 3646 1019134 1 1270 500 497
2415 3378 1019144 1 1270 500 510
2359 3175 1019154 1 1260 500 515
2359 3037 1019164 1 1260 500 514
2408 2970 1019174 1 1250 510 515
2488 2950 1019184 1 1250 510 520
2613 2993 1019194 1 1230 510 519
2753 3122 1019204 1 1220 510 510
2903 3308 1019214 1 1210 520 491
3059 3543 1019224 1 1200 520 496
3222 3842 1019234 1 1200 520 495
3389 4183 1019244 1 1180 530 483
3556 4568 1019254 1 1180 530 473
3718 4964 1019264 1 1180 530 463
3876 5368 1019274 1 1180 530 452
3990 5728 1019285 1 1180 530 442
4067 6017 1019295 1 1180 530 435
4118 6258 1019305 1 1200 520 415
4118 6461 1019315 1 1210 520 407
4088 6595 1019325 1 1210 520 391
4034 6682 1019335 1 1220 510 381
3961 6707 1019345 1 1230 510 372
3882 6670 1019355 1 1220 500 371
3799 6593 1019365 1 1240 500 372
3696 6428 1019375 1 1250 500 398
3585 6199 1019385 1 1250 500 418
3469 5927 1019395 1 1260 490 445
3380 5598 1019405 1 1260 490 472
3314 5215 1019415 1 1270 490 498
3263 4797 1019425 1 1270 490 499
3240 4371 1019435 1 1270 490 502
3262 3946 1019445 1 1270 490 502
3315 3523 1019455 1 1260 490 517
3415 3187 1019465 1 1250 500 515
3516 2890 1019475 1 1250 500 510
3646 2618 1019485 1 1240 500 519
3796 2454 1019485 1 1220 500 504
3947 2360 1019495 1 1210 510 497
4111 2313 1019505 1 1190 510 467
4298 2330 1019515 1 1170 510 399
4495 2460 1019525 1 1170 510 310
4699 2665 1019535 1 1160 520 296
4897 3044 1019545 1 1150 520 286
5092 3493 1019555 1 1120 530 264
5317 3990 1019565 1 1110 530 223
5522 4529 1019575 1 1110 530 146
5714 4992 1019585 1 1110 530 91
5876 5404 1019595 1 1120 540 81
5977 5731 1019605 1 1120 540 68
6097 6410 1019646 0 1150 540 58
6097 6657 1019656 1 1170 540 173
6075 6673 1019666 1 1180 540 206
6051 6641 1019676 1 1190 530 287
6017 6534 1019686 1 1220 540 349
5975 6377 1019696 1 1230 530 412
5927 6139 1019706 1 1240 530 455
5883 5817 1019716 1 1240 530 498
5839 5438 1019726 1 1240 530 509
5794 5009 1019736 1 1250 530 514
5770 4600 1019746 1 1270 530 522
5770 4204 1019756 1 1270 530 488
5787 3886 1019766 1 1270 530 450
5823 3673 1019776 1 1270 530 409
5859 3530 1019786 1 1250 540 312
5890 3482 1019796 1 1230 550 136
5911 4130 1019846 0 1180 570 110
5959 4841 1019856 1 1160 570 172
6005 5211 1019866 1 1150 580 193
6084 5582 1019876 1 1150 580 207
6199 5913 1019886 1 1140 570 203
6339 6240 1019896 1 1140 570 205
6483 6564 1019906 1 1140 570 203
6623 6820 1019916 1 1160 560 205
6760 7042 1019926 1 1170 560 206
6914 7241 1019936 1 1170 550 221
7057 7397 1019946 1 1200 540 244
7167 7488 1019956 1 1220 540 272
7259 7536 1019966 1 1240 530 282
7340 7514 1019976 1 1270 530 315
7398 7424 1019986 1 1280 530 356
7441 7288 1019996 1 1290 520 367
7458 7115 1020006 1 1300 520 382
7439 6915 1020016 1 1330 520 398
7397 6697 1020026 1 1330 520 391
7312 6493 1020036 1 1340 510 396
7185 6266 1020046 1 1350 520 402
7031 6023 1020056 1 1360 510 400
6854 5770 1020066 1 1360 510 404
6659 5569 1020076 1 1350 520 407
6451 5403 1020086 1 1350 520 418
6271 5289 1020096 1 1350 520 460
6129 5247 1020106 1 1340 520 507
6013 5252 1020116 1 1340 520 537
5974 5284 1020126 1 1310 520 533
5985 5312 1020136 1 1310 520 532
6030 5364 1020146 1 1300 530 533
6130 5433 1020156 1 1300 530 535
6297 5528 1020166 1 1290 520 544
6508 5622 1020176 1 1280 530 546
6734 5715 1020186 1 1280 530 544
6967 5833 1020196 1 1270 520 536
7204 5967 1020206 1 1270 520 545
7451 6105 1020216 1 1270 520 545
7670 6237 1020226 1 1270 520 542
7871 6330 1020236 1 1270 520 539
8009 6399 1020246 1 1280 530 537
8089 6422 1020256 1 1280 530 515
8131 6394 1020266 1 1290 520 519
8121 6331 1020276 1 1300 530 501
8056 6210 1020286 1 1300 530 489
7954 6039 1020296 1 1310 520 488
7805 5836 1020306 1 1310 520 491
7634 5625 1020316 1 1310 520 497
7448 5390 1020326 1 1330 530 514
7244 5138 1020337 1 1330 530 533
7072 4895 1020347 1 1330 530 536
6921 4703 1020357 1 1330 530 542
6812 4545 1020367 1 1310 540 546
6736 4425 1020377 1 1310 540 546
6682 4346 1020387 1 1300 530 545
6682 4295 1020397 1 1290 530 543
6721 4284 1020407 1 1290 530 554
6790 4308 1020417 1 1270 530 565
6907 4356 1020427 1 1270 530 574
7027 4456 1020437 1 1270 530 588
7188 4577 1020447 1 1250 540 589
7375 4711 1020457 1 1240 530 589
7544 4842 1020467 1 1240 530 584
7695 4939 1020477 1 1240 530 584
7833 5013 1020487 1 1240 530 568
7928 5031 1020497 1 1250 540 535
7960 4985 1020507 1 1250 540 497
7951 4896 1020517 1 1250 540 475
7879 4722 1020527 1 1250 540 477
7760 4517 1020537 1 1250 540 480
7609 4292 1020547 1 1260 540 495
7464 4038 1020557 1 1260 540 509
7316 3780 1020567 1 1260 540 526
7167 3550 1020577 1 1260 540 559
7056 3339 1020587 1 1250 550 578
6996 3168 1020597 1 1250 550 591
6970 3076 1020607 1 1260 560 592
6988 3038 1020617 1 1260 560 602
7044 3038 1020627 1 1250 560 609
7124 3117 1020637 1 1250 560 616
7232 3243 1020647 1 1250 560 611
7363 3461 1020657 1 1230 560 602
7509 3744 1020667 1 1230 560 592
7665 4070 1020667 1 1220 570 591
7827 4467 1020677 1 1210 560 577
7973 4868 1020687 1 1220 570 540
8105 5272 1020697 1 1220 570 505
8198 5664 1020707 1 1220 570 485
8250 5993 1020717 1 1220 570 475
8274 6280 1020727 1 1230 560 473
8251 6522 1020737 1 1230 560 475
8199 6672 1020747 1 1250 560 475
8127 6760 1020757 1 1260 560 477
8036 6776 1020767 1 1260 560 477
7930 6724 1020777 1 1270 550 475
7815 6628 1020787 1 1290 550 485
7699 6466 1020797 1 1290 550 496
7588 6234 1020807 1 1300 540 505
7488 5956 1020817 1 1310 540 519
7396 5600 1020827 1 1330 530 545
7329 5171 1020837 1 1330 530 557
7276 4693 1020847 1 1340 520 567
7276 4179 1020857 1 1330 530 567
7318 3628 1020867 1 1330 530 570
7389 3053 1020877 1 1300 530 568
7477 2501 1020887 1 1300 530 564
7564 2049 1020897 1 1280 540 569
7651 1665 1020907 1 1250 550 583
7735 1359 1020917 1 1220 560 586
7811 1096 1020927 1 1200 570 580
7882 863 1020937 1 1160 580 546
7931 702 1020947 1 1130 600 467
7970 626 1020957 1 1080 610 239
8669 4489 1021078 0 960 630 249
8981 5197 1021088 1 1000 630 287
9109 5584 1021098 1 1040 620 307
9270 5917 1021108 1 1090 620 339
9454 6213 1021118 1 1110 610 339
9645 6516 1021128 1 1140 610 339
9840 6781 1021138 1 1170 590 333
10038 7021 1021148 1 1200 580 317
10160 7204 1021158 1 1230 580 282
10246 7368 1021168 1 1270 570 249
10308 7520 1021178 1 1280 570 225
10318 7626 1021188 1 1280 570 205
10277 7691 1021198 1 1310 570 195
10203 7728 1021208 1 1320 570 205
10094 7740 1021218 1 1340 560 242
9969 7723 1021228 1 1340 560 306
9832 7688 1021238 1 1350 550 340
9736 7647 1021248 1 1350 550 349
9648 7547 1021258 1 1360 550 371
9565 7407 1021268 1 1360 550 381
9469 7206 1021278 1 1360 550 404
9367 6951 1021288 1 1390 550 423
9260 6660 1021298 1 1390 550 450
9171 6323 1021308 1 1390 550 488
9102 5934 1021318 1 1400 540 519
9047 5511 1021328 1 1390 540 539
9031 5063 1021338 1 1370 540 557
9052 4610 1021348 1 1370 540 578
9097 4245 1021358 1 1360 550 614
9187 3942 1021368 1 1360 550 638
9328 3732 1021378 1 1350 550 647
9503 3620 1021388 1 1340 560 652
9691 3574 1021398 1 1320 570 658
9885 3581 1021408 1 1310 570 656
10089 3667 1021418 1 1300 580 659
10284 3805 1021428 1 1280 580 658
10472 4021 1021438 1 1270 590 649
10665 4276 1021448 1 1250 590 643
10840 4557 1021458 1 1250 590 636
11003 4836 1021458 1 1250 600 634
11109 5081 1021468 1 1250 600 609
11156 5303 1021478 1 1250 600 572
11163 5482 1021488 1 1250 600 546
11115 5602 1021498 1 1250 600 515
11028 5683 1021508 1 1250 600 504
10916 5731 1021518 1 1250 600 505
10803 5744 1021528 1 1250 600 512
10708 5734 1021538 1 1250 600 512
10626 5691 1021548 1 1260 600 518
10561 5605 1021558 1 1260 600 522
10513 5491 1021568 1 1280 590 532
10475 5282 1021578 1 1280 590 535
10450 4999 1021588 1 1280 590 544
10427 4668 1021598 1 1290 590 554
10410 4310 1021608 1 1280 580 563
10393 3917 1021618 1 1270 590 584
10375 3502 1021628 1 1270 590 617
10370 3191 1021638 1 1270 590 637
10365 2915 1021648 1 1250 590 670
10357 2663 1021658 1 1240 580 681
10336 2469 1021668 1 1250 590 690
10307 2303 1021678 1 1240 600 694
10251 2156 1021688 1 1240 600 699
10168 2031 1021698 1 1220 600 697
10067 1972 1021708 1 1230 610 693
9936 1958 1021718 1 1220 610 655
9794 2002 1021728 1 1220 610 569
9644 2109 1021738 1 1220 610 420
8881 3473 1021829 0 1230 590 336
8881 3473 1021839 1 1210 580 428
8881 3473 1021849 1 1230 580 440
8881 3473 1021859 1 1230 580 446
8874 3369 1021869 1 1230 580 473
8903 3259 1021879 1 1230 560 481
8944 3127 1021889 1 1230 560 495
9004 2980 1021899 1 1230 560 496
9059 2828 1021909 1 1250 560 504
9110 2678 1021919 1 1250 560 501
9178 2584 1021929 1 1250 560 438
9270 2527 1021939 1 1250 560 137
10431 3269 1022009 0 1260 580 173
11068 3478 1022019 1 1260 580 398
11332 3553 1022029 1 1240 580 404
11556 3610 1022039 1 1240 580 418
11776 3604 1022049 1 1240 580 461
11965 3573 1022059 1 1240 580 473
12132 3525 1022069 1 1230 590 465
12230 3441 1022079 1 1230 590 394
