323
4123 6651 8186601 0 1650 650 540
4207 6846 8186611 1 1650 650 541
4190 7005 8186621 1 1650 650 595
4132 7207 8186631 1 1650 650 606
4093 7304 8186641 1 1630 640 617
4040 7375 8186651 1 1640 630 616
3977 7430 8186661 1 1630 620 614
3882 7458 8186671 1 1620 610 622
3744 7451 8186681 1 1620 600 636
3577 7422 8186691 1 1610 590 664
3399 7331 8186701 1 1610 570 679
3166 7185 8186711 1 1600 560 694
2897 7002 8186721 1 1590 550 722
2653 6770 8186731 1 1600 540 739
2413 6536 8186741 1 1590 530 754
2206 6300 8186751 1 1580 520 750
2019 6057 8186761 1 1580 510 754
1870 5814 8186771 1 1570 510 756
1783 5588 8186781 1 1570 510 757
1738 5406 8186791 1 1550 500 760
1752 5241 8186801 1 1550 500 758
1819 5176 8186811 1 1550 510 760
1922 5176 8186821 1 1550 510 768
2104 5211 8186831 1 1540 520 774
2327 5309 8186841 1 1530 520 785
2576 5439 8186851 1 1520 530 797
2842 5590 8186861 1 1510 530 824
3091 5723 8186871 1 1510 530 858
3329 5854 8186881 1 1480 540 855
3546 5979 8186891 1 1480 540 869
3719 6045 8186901 1 1480 540 849
3863 6072 8186911 1 1470 550 757
3934 6036 8186921 1 1470 550 653
3928 5881 8186931 1 1470 550 430
3296 4570 8186972 0 1450 550 337
2842 3944 8186982 1 1450 550 517
2615 3676 8186992 1 1450 550 616
2442 3508 8187002 1 1440 560 661
2308 3389 8187012 1 1440 560 673
2260 3304 8187022 1 1440 560 673
2260 3297 8187032 1 1410 560 690
2292 3355 8187042 1 1410 560 713
2389 3456 8187052 1 1400 560 724
2553 3666 8187062 1 1400 560 724
2762 3996 8187072 1 1390 570 722
2993 4405 8187082 1 1390 570 721
3230 4836 8187092 1 1380 570 727
3471 5284 8187102 1 1380 570 727
3643 5744 8187112 1 1380 570 733
3745 6163 8187122 1 1380 570 754
3801 6523 8187132 1 1380 570 780
3820 6843 8187142 1 1390 560 797
3826 7056 8187152 1 1390 560 815
3826 7156 8187162 1 1400 550 827
3809 7180 8187172 1 1410 550 815
3776 7174 8187182 1 1420 540 809
3731 7129 8187192 1 1440 540 806
3647 7059 8187202 1 1450 540 808
3552 6917 8187212 1 1460 530 806
3450 6701 8187222 1 1470 520 817
3359 6436 8187232 1 1480 510 823
3275 6062 8187242 1 1490 510 829
3202 5563 8187252 1 1490 510 851
3158 4982 8187262 1 1490 510 876
3133 4273 8187272 1 1490 510 872
3147 3676 8187282 1 1490 510 894
3195 3153 8187292 1 1480 510 924
3266 2910 8187302 1 1480 510 964
3342 2797 8187312 1 1470 520 997
3459 2772 8187322 1 1460 530 984
3604 2798 8187332 1 1450 540 977
3821 2933 8187342 1 1430 550 981
4081 3142 8187352 1 1410 560 992
4369 3507 8187362 1 1390 560 956
4709 3957 8187372 1 1380 570 934
5028 4465 8187382 1 1360 570 912
5333 4991 8187392 1 1350 580 903
5602 5549 8187402 1 1350 580 896
5841 6128 8187412 1 1340 580 929
6059 6594 8187422 1 1350 590 926
6228 6921 8187432 1 1350 590 933
6367 7156 8187442 1 1350 590 932
6487 7314 8187452 1 1380 590 932
6560 7421 8187462 1 1380 590 932
6584 7493 8187472 1 1390 580 930
6574 7512 8187482 1 1420 580 923
6543 7512 8187492 1 1420 580 918
6487 7496 8187502 1 1430 570 914
6414 7416 8187512 1 1460 570 918
6298 7248 8187522 1 1470 560 930
6179 7021 8187532 1 1480 560 946
6057 6618 8187542 1 1500 550 981
5954 6014 8187552 1 1500 550 1023
5892 5276 8187562 1 1510 540 1023
5856 4410 8187572 1 1510 540 1023
5878 3705 8187582 1 1500 550 1023
5905 3108 8187592 1 1500 550 1023
5929 2820 8187602 1 1490 560 1023
5949 2674 8187612 1 1470 560 1023
5976 2622 8187622 1 1440 580 1023
6018 2603 8187632 1 1430 590 1023
6069 2660 8187642 1 1410 600 1023
6134 2768 8187652 1 1390 610 1023
6192 3037 8187662 1 1380 610 1023
6245 3406 8187672 1 1350 630 1023
6305 3843 8187682 1 1330 630 987
6368 4432 8187692 1 1320 640 941
6460 5070 8187702 1 1300 650 924
6570 5741 8187712 1 1280 650 936
6749 6308 8187722 1 1250 650 939
6988 6821 8187732 1 1250 650 956
7268 7297 8187742 1 1270 640 970
7565 7617 8187752 1 1270 640 977
7863 7843 8187762 1 1290 640 989
8123 8007 8187772 1 1320 640 1000
8356 8074 8187782 1 1330 630 1014
8536 8045 8187792 1 1370 620 1023
8653 7951 8187802 1 1400 620 1023
8729 7755 8187812 1 1410 610 1023
8721 7479 8187822 1 1420 610 1023
8619 7149 8187832 1 1460 600 1023
8455 6818 8187842 1 1470 590 1023
8247 6575 8187852 1 1490 580 1023
8040 6391 8187862 1 1500 580 1023
7811 6222 8187872 1 1510 580 1023
7566 6117 8187882 1 1530 580 1023
7341 6056 8187892 1 1530 580 1023
7151 6084 8187902 1 1540 570 1018
6984 6193 8187912 1 1540 570 1009
6868 6355 8187922 1 1540 570 1009
6827 6528 8187932 1 1530 580 1012
6836 6647 8187942 1 1530 580 1023
6918 6730 8187952 1 1530 580 1023
7073 6787 8187962 1 1530 580 1023
7276 6806 8187972 1 1500 580 1023
7519 6801 8187982 1 1500 580 1023
7779 6751 8187993 1 1500 580 1023
8051 6660 8188003 1 1500 580 1023
8267 6543 8188013 1 1500 580 1023
8458 6421 8188023 1 1500 580 1023
8632 6323 8188033 1 1500 580 1023
8738 6240 8188043 1 1500 580 1023
8774 6144 8188053 1 1490 590 1023
8763 6010 8188063 1 1490 590 977
8650 5850 8188073 1 1490 590 923
8467 5683 8188083 1 1500 600 908
8236 5518 8188093 1 1500 600 906
7981 5355 8188103 1 1480 610 920
7707 5169 8188113 1 1480 610 944
7421 5027 8188123 1 1480 610 978
7210 4914 8188133 1 1470 620 1003
7103 4879 8188143 1 1470 620 1014
7065 4873 8188153 1 1470 620 1020
7065 4886 8188163 1 1470 620 1023
7094 4932 8188173 1 1460 630 1023
7149 5027 8188183 1 1460 630 1023
7273 5155 8188193 1 1460 630 1023
7440 5277 8188203 1 1430 630 1023
7635 5397 8188213 1 1430 630 1023
7837 5463 8188223 1 1430 630 1023
7987 5494 8188233 1 1430 630 1023
8103 5452 8188243 1 1430 630 1023
8160 5271 8188253 1 1430 630 1023
8160 4997 8188263 1 1410 640 1023
8117 4553 8188273 1 1410 640 1023
8014 4068 8188283 1 1410 640 1023
7884 3555 8188293 1 1400 650 1023
7736 3219 8188303 1 1400 650 1023
7617 2983 8188313 1 1380 650 1023
7560 2814 8188323 1 1380 650 1023
7543 2729 8188333 1 1370 660 1023
7543 2719 8188343 1 1350 670 1023
7552 2760 8188353 1 1330 670 1023
7580 2929 8188363 1 1330 670 1023
7620 3212 8188373 1 1310 680 1023
7660 3572 8188383 1 1310 680 979
7704 3999 8188393 1 1290 680 977
7755 4452 8188403 1 1290 680 958
7808 4922 8188413 1 1270 690 964
7888 5367 8188423 1 1250 680 968
7987 5727 8188433 1 1250 680 976
8077 6030 8188443 1 1250 680 974
8151 6228 8188453 1 1250 680 976
8213 6414 8188463 1 1280 680 973
8250 6591 8188473 1 1300 670 973
8250 6700 8188483 1 1300 670 973
8226 6777 8188493 1 1310 670 973
8173 6834 8188503 1 1350 670 974
8121 6868 8188513 1 1370 660 976
8069 6868 8188523 1 1380 650 977
8025 6856 8188533 1 1400 650 980
7986 6816 8188543 1 1430 640 989
7949 6727 8188553 1 1450 640 991
7912 6605 8188563 1 1460 630 1023
7882 6378 8188573 1 1460 630 1023
7853 5975 8188583 1 1460 630 1023
7828 5456 8188593 1 1470 620 1023
7805 4709 8188603 1 1470 620 1023
7788 3947 8188613 1 1470 620 1023
7776 3175 8188623 1 1470 620 1023
7791 2513 8188633 1 1460 630 1023
7823 2099 8188643 1 1450 640 1023
7811 1851 8188653 1 1420 650 1023
7837 1657 8188663 1 1380 650 1023
7887 1578 8188673 1 1350 670 1023
7922 1578 8188683 1 1310 680 1023
7965 1646 8188693 1 1270 690 1023
8012 1811 8188703 1 1250 700 1023
8060 2039 8188713 1 1200 710 1023
8146 2330 8188723 1 1170 710 1023
8258 2677 8188733 1 1120 720 1023
8444 3061 8188743 1 1090 720 1023
8677 3548 8188753 1 1050 710 1023
8940 4125 8188763 1 1030 730 1023
9230 4762 8188773 1 1000 730 1023
9575 5419 8188783 1 1000 730 1021
9956 6069 8188793 1 1000 730 1023
10331 6628 8188803 1 1000 740 1023
10710 7128 8188813 1 1040 740 1023
11039 7546 8188823 1 1070 730 1023
11333 7866 8188833 1 1150 740 1023
11566 8120 8188843 1 1210 730 1023
11736 8299 8188853 1 1250 730 1023
11865 8442 8188863 1 1330 730 1023
11937 8561 8188873 1 1370 710 1023
11966 8638 8188883 1 1420 710 1023
11966 8686 8188893 1 1480 700 1023
11930 8716 8188903 1 1490 690 1023
11877 8727 8188913 1 1530 690 1023
11813 8734 8188923 1 1580 670 1023
11746 8716 8188933 1 1590 670 1023
11679 8684 8188943 1 1620 660 1023
11593 8620 8188953 1 1620 650 1023
11494 8439 8188963 1 1650 650 1023
11345 8180 8188973 1 1650 640 1023
11152 7732 8188983 1 1650 640 1023
10929 7167 8188993 1 1650 640 1023
10674 6525 8189003 1 1650 640 1023
10422 5810 8189013 1 1650 640 1023
10172 5239 8189023 1 1620 650 1023
10030 4765 8189033 1 1620 660 1023
9926 4484 8189043 1 1620 660 1023
9848 4271 8189053 1 1590 670 1023
9819 4103 8189063 1 1580 670 1023
9819 4051 8189073 1 1540 680 1023
9830 4058 8189083 1 1530 690 1023
9885 4105 8189093 1 1490 690 1023
9998 4291 8189103 1 1480 700 1023
10149 4579 8189113 1 1460 710 1023
10332 4935 8189123 1 1400 720 1023
10518 5371 8189133 1 1400 720 1023
10706 5758 8189143 1 1370 730 1023
10851 6112 8189153 1 1330 730 1023
10957 6327 8189163 1 1330 730 1023
11036 6469 8189173 1 1330 730 1023
11072 6562 8189183 1 1330 730 1023
11079 6630 8189193 1 1350 720 1023
11067 6698 8189203 1 1350 720 1023
11041 6775 8189213 1 1350 720 1023
11001 6858 8189223 1 1370 710 1023
10951 6949 8189233 1 1370 710 1023
10912 7035 8189243 1 1390 710 1023
10878 7090 8189253 1 1410 700 1023
10852 7126 8189263 1 1430 690 1023
10830 7142 8189273 1 1450 680 1023
10815 7155 8189283 1 1460 670 1023
10803 7163 8189293 1 1480 670 1023
10796 7170 8189303 1 1490 660 1023
10796 7175 8189313 1 1490 660 1023
10788 7175 8189323 1 1500 650 1023
10788 7175 8189333 1 1500 650 1023
10788 7180 8189343 1 1500 650 1023
10788 7180 8189353 1 1510 640 1023
10783 7180 8189363 1 1510 640 1023
10783 7180 8189373 1 1510 630 1023
10783 7180 8189383 1 1530 630 1023
10783 7180 8189393 1 1530 630 1023
10776 7172 8189403 1 1540 630 1023
10765 7102 8189413 1 1540 630 1023
10740 6990 8189423 1 1540 630 1023
10700 6665 8189433 1 1540 630 1023
10649 6125 8189443 1 1540 630 1023
10596 5443 8189453 1 1530 630 1023
10543 4703 8189463 1 1530 630 1023
10485 4031 8189473 1 1500 650 1023
10422 3540 8189483 1 1490 660 1023
10403 3147 8189493 1 1460 670 1023
10362 2828 8189503 1 1430 690 1023
10306 2679 8189513 1 1410 700 1023
10282 2643 8189523 1 1370 710 1023
10237 2643 8189533 1 1330 730 1023
10179 2726 8189543 1 1270 740 1023
10073 2856 8189553 1 1240 740 1023
9922 3032 8189563 1 1180 750 981
9740 3259 8189573 1 1110 760 997
9563 3519 8189583 1 1060 750 982
9421 3637 8189593 1 1020 760 1023
9301 3646 8189603 1 980 760 1023
9232 3583 8189613 1 940 750 1023
9194 3472 8189623 1 900 750 1023
9176 3321 8189633 1 900 750 1023
9176 3143 8189643 1 900 740 1023
9187 3018 8189653 1 900 740 1023
9210 2953 8189663 1 900 740 1023
9245 2928 8189673 1 930 740 1023
9331 2939 8189683 1 930 740 1023
9451 3046 8189693 1 930 730 1023
9610 3217 8189703 1 930 730 1011
9813 3455 8189713 1 970 730 894
10046 3749 8189723 1 960 720 817
10277 4081 8189733 1 960 720 825
10546 4409 8189743 1 960 720 902
10841 4646 8189753 1 970 730 1023
11105 4823 8189763 1 970 730 1023
11289 4870 8189773 1 970 730 1023
11420 4829 8189783 1 1000 740 1023
11489 4730 8189793 1 1000 740 1023
11500 4592 8189803 1 1000 740 1023
11472 4469 8189813 1 1000 740 1023
11415 4355 8189823 1 1010 750 1023
11341 4275 8189833 1 1010 750 1023
11255 4230 8189843 1 1050 750 1023
11167 4208 8189853 1 1050 750 382
