232
3563 5307 228037 0 1460 530 216
3563 5307 228047 1 1470 530 221
3620 5400 228057 1 1460 540 244
3613 5439 228067 1 1460 540 274
3630 5471 228077 1 1460 540 327
3649 5525 228087 1 1450 550 369
3674 5580 228097 1 1450 550 402
3674 5580 228107 1 1450 550 415
3719 5693 228117 1 1450 550 414
3737 5758 228127 1 1450 550 420
3753 5828 228137 1 1450 550 427
3753 5898 228147 1 1440 540 441
3733 5966 228157 1 1450 550 473
3706 6017 228167 1 1450 550 499
3664 6059 228177 1 1450 550 522
3615 6079 228187 1 1460 540 542
3562 6079 228197 1 1460 540 567
3508 6067 228207 1 1470 530 572
3447 6034 228217 1 1480 540 591
3381 5957 228227 1 1480 540 620
3308 5851 228237 1 1490 530 639
3231 5719 228247 1 1490 530 646
3152 5586 228257 1 1490 530 662
3091 5452 228267 1 1490 530 667
3054 5328 228277 1 1490 530 675
3032 5211 228287 1 1490 530 682
3039 5139 228297 1 1480 540 687
3076 5097 228307 1 1480 540 697
3133 5076 228317 1 1480 540 713
3225 5087 228327 1 1470 550 721
3336 5149 228337 1 1470 550 717
3460 5246 228347 1 1450 550 713
3594 5370 228357 1 1450 550 696
3720 5489 228367 1 1440 560 699
3800 5582 228377 1 1440 560 699
3850 5658 228387 1 1430 560 699
3861 5691 228397 1 1430 560 727
3861 5700 228407 1 1410 560 727
3849 5694 228417 1 1410 560 725
3836 5687 228427 1 1410 560 731
3801 5627 228437 1 1410 560 751
3751 5531 228447 1 1410 560 759
3674 5376 228457 1 1410 560 787
3597 5216 228467 1 1410 560 799
3522 5050 228477 1 1410 560 824
3448 4869 228487 1 1410 560 828
3378 4679 228497 1 1410 560 851
3310 4530 228507 1 1410 560 855
3242 4384 228517 1 1410 560 876
3162 4241 228527 1 1400 560 885
3074 4127 228537 1 1400 560 893
2987 4029 228547 1 1400 560 899
2896 3943 228557 1 1400 560 903
2798 3874 228567 1 1400 560 905
2695 3823 228577 1 1400 560 900
2575 3784 228587 1 1400 560 903
2466 3770 228597 1 1400 560 903
2365 3791 228607 1 1400 560 890
2275 3835 228617 1 1390 570 866
2189 3914 228627 1 1380 570 788
2131 4024 228637 1 1380 570 693
2090 4156 228647 1 1380 570 488
2106 4296 228657 1 1380 570 3
4662 5459 228869 0 1410 520 250
4729 5565 228879 1 1420 520 284
4743 5596 228889 1 1420 520 314
4760 5641 228899 1 1430 520 349
4776 5698 228909 1 1420 530 396
4789 5764 228919 1 1430 530 428
4784 5823 228929 1 1450 540 469
4769 5883 228939 1 1450 540 505
4748 5938 228949 1 1460 540 532
4712 5964 228959 1 1460 540 546
4658 5973 228969 1 1470 550 545
4593 5952 228979 1 1470 550 567
4516 5889 228989 1 1470 550 585
4448 5797 228999 1 1470 550 630
4351 5685 229009 1 1470 550 667
4232 5553 229019 1 1460 540 694
4152 5407 229029 1 1460 540 719
4107 5280 229039 1 1470 550 724
4085 5194 229049 1 1470 550 733
4093 5135 229059 1 1470 550 725
4128 5101 229069 1 1460 540 721
4182 5092 229069 1 1460 540 724
4261 5100 229079 1 1470 530 727
4366 5163 229089 1 1450 540 694
4488 5262 229099 1 1450 540 668
4623 5386 229109 1 1450 540 628
4759 5512 229119 1 1420 540 619
4852 5614 229129 1 1440 540 620
4916 5699 229139 1 1440 540 614
4941 5740 229149 1 1440 540 636
4947 5750 229159 1 1450 550 645
4939 5740 229169 1 1450 550 637
4939 5733 229179 1 1460 550 667
4928 5684 229189 1 1460 550 681
4908 5608 229199 1 1460 550 699
4887 5507 229209 1 1460 550 725
4880 5401 229219 1 1480 560 728
4880 5300 229229 1 1480 560 739
4895 5205 229239 1 1480 560 745
4932 5139 229249 1 1480 560 754
4984 5101 229259 1 1490 560 761
5060 5081 229269 1 1490 560 757
5173 5100 229279 1 1490 560 763
5311 5176 229289 1 1490 560 733
5471 5289 229299 1 1490 560 702
5623 5434 229309 1 1490 560 675
5769 5567 229319 1 1490 560 668
5891 5692 229329 1 1490 560 671
5976 5822 229339 1 1490 560 667
6037 5944 229349 1 1490 560 690
6077 6062 229359 1 1490 560 720
6094 6114 229369 1 1520 560 748
6094 6133 229379 1 1520 560 754
6094 6133 229389 1 1520 560 751
6084 6128 229399 1 1540 550 754
6066 6077 229409 1 1540 550 763
6012 5995 229419 1 1540 550 776
5950 5848 229429 1 1560 550 790
5882 5701 229439 1 1560 550 808
5825 5555 229449 1 1560 550 817
5771 5397 229459 1 1560 550 829
5727 5245 229469 1 1560 550 826
5704 5136 229479 1 1560 550 826
5695 5053 229489 1 1560 550 829
5707 5012 229499 1 1560 550 829
5743 4997 229509 1 1550 550 827
5794 4997 229519 1 1540 550 806
5869 5042 229529 1 1540 550 777
5947 5110 229539 1 1530 560 710
6029 5195 229549 1 1530 560 609
6077 5275 229559 1 1520 560 478
6103 5349 229569 1 1510 560 396
6093 5418 229579 1 1510 560 364
6060 5486 229589 1 1510 560 386
6011 5530 229599 1 1510 560 405
5949 5551 229609 1 1510 560 438
5875 5557 229619 1 1520 570 465
5793 5557 229629 1 1520 570 497
5703 5549 229639 1 1520 570 557
5643 5542 229649 1 1520 570 599
5602 5535 229659 1 1520 570 639
5591 5535 229669 1 1510 560 645
5597 5535 229679 1 1510 560 670
5613 5526 229689 1 1510 560 716
5669 5518 229699 1 1510 560 731
5776 5535 229709 1 1510 560 734
5917 5570 229719 1 1510 560 736
6061 5612 229729 1 1510 560 728
6177 5646 229739 1 1490 560 662
6274 5651 229749 1 1490 560 546
6334 5641 229759 1 1490 560 371
6361 5624 229769 1 1490 560 148
6345 5580 229800 0 1510 560 130
6261 5522 229810 1 1510 560 287
6223 5491 229820 1 1520 570 394
6191 5454 229830 1 1520 570 465
6191 5417 229840 1 1520 570 561
6201 5380 229850 1 1540 570 642
6233 5350 229860 1 1540 570 691
6300 5324 229870 1 1540 570 730
6389 5324 229880 1 1540 570 746
6512 5354 229890 1 1540 570 751
6640 5403 229900 1 1540 570 749
6766 5469 229910 1 1540 570 746
6889 5534 229920 1 1540 570 746
6970 5597 229930 1 1540 570 749
7022 5654 229940 1 1550 580 740
7054 5703 229950 1 1550 580 737
7054 5744 229960 1 1550 580 737
7028 5781 229970 1 1570 580 731
6993 5810 229980 1 1570 580 730
6940 5810 229990 1 1570 580 733
6858 5788 230000 1 1570 580 733
6757 5737 230010 1 1570 580 748
6675 5666 230020 1 1570 580 751
6611 5582 230030 1 1570 580 773
6559 5488 230040 1 1570 580 788
6533 5388 230050 1 1570 580 811
6533 5298 230060 1 1570 580 832
6551 5216 230070 1 1570 580 834
6596 5157 230080 1 1570 580 858
6677 5127 230090 1 1570 580 858
6781 5116 230100 1 1570 580 861
6929 5143 230110 1 1570 580 863
7082 5204 230120 1 1570 580 869
7239 5287 230130 1 1550 580 846
7408 5385 230140 1 1550 580 832
7552 5480 230140 1 1550 580 796
7678 5571 230150 1 1550 580 788
7793 5663 230160 1 1550 580 779
7881 5760 230170 1 1570 580 777
7952 5861 230180 1 1570 580 782
7982 5930 230190 1 1570 580 784
7982 5961 230200 1 1580 580 788
7961 5968 230210 1 1580 580 790
7933 5968 230220 1 1610 570 793
7886 5931 230230 1 1610 570 785
7825 5872 230240 1 1620 580 794
7774 5792 230250 1 1630 570 802
7727 5718 230260 1 1630 570 809
7698 5649 230270 1 1630 570 824
7680 5581 230280 1 1630 570 821
7680 5513 230290 1 1630 570 839
7707 5443 230300 1 1630 570 854
7745 5373 230310 1 1630 570 861
7810 5311 230320 1 1640 570 866
7887 5255 230330 1 1640 570 853
7973 5206 230340 1 1640 570 855
8046 5160 230350 1 1640 570 858
8105 5117 230360 1 1640 580 861
8155 5069 230370 1 1640 580 866
8178 5021 230380 1 1630 590 866
8173 4972 230390 1 1630 590 875
8150 4921 230400 1 1620 600 897
8099 4866 230410 1 1620 600 903
8014 4808 230420 1 1620 600 938
7907 4754 230430 1 1620 610 937
7760 4710 230440 1 1620 610 961
7602 4670 230450 1 1620 610 970
7436 4629 230460 1 1620 610 974
7251 4594 230470 1 1620 610 977
7096 4562 230480 1 1610 620 979
6960 4535 230490 1 1610 620 977
6855 4527 230500 1 1610 620 976
6784 4527 230510 1 1610 620 967
6735 4549 230520 1 1590 610 946
6704 4573 230530 1 1570 610 914
6678 4600 230540 1 1560 620 834
6662 4623 230550 1 1550 620 617
