168
2021 7902 75855965 0 1330 530 149
2034 7868 75855975 1 1340 540 170
2022 7845 75855985 1 1340 540 228
2008 7729 75855995 1 1340 540 291
2008 7550 75856005 1 1350 540 372
2000 7329 75856015 1 1350 540 455
1994 6995 75856025 1 1350 540 532
1987 6586 75856035 1 1360 550 588
1987 6112 75856045 1 1350 550 613
1992 5591 75856055 1 1350 550 634
2001 5038 75856065 1 1320 570 638
2014 4497 75856075 1 1310 570 644
2021 4026 75856085 1 1300 580 655
2021 3602 75856095 1 1270 590 668
2039 3348 75856105 1 1240 600 672
2054 3166 75856115 1 1200 600 681
2069 3031 75856125 1 1190 610 671
2076 3024 75856135 1 1140 610 666
2076 3078 75856145 1 1130 610 652
2056 3174 75856155 1 1090 620 639
2021 3404 75856165 1 1070 620 602
1976 3725 75856175 1 1040 620 569
1937 4108 75856185 1 1020 630 548
1923 4590 75856195 1 1000 630 518
1923 5077 75856205 1 980 630 507
1964 5567 75856215 1 980 630 495
2033 5985 75856225 1 1000 630 488
2121 6324 75856235 1 1020 630 492
2225 6610 75856245 1 1040 620 492
2331 6802 75856255 1 1050 620 488
2441 6932 75856265 1 1080 610 488
2575 7020 75856275 1 1100 600 488
2725 7046 75856285 1 1130 600 488
2866 7001 75856295 1 1150 600 488
3007 6910 75856305 1 1180 590 491
3132 6731 75856315 1 1210 580 509
3246 6518 75856325 1 1230 580 538
3310 6282 75856335 1 1260 570 572
3336 6050 75856345 1 1270 560 616
3336 5801 75856355 1 1270 560 652
3289 5554 75856365 1 1270 560 673
3199 5315 75856375 1 1290 560 691
3082 5067 75856385 1 1290 560 691
2943 4858 75856395 1 1270 560 694
2797 4675 75856405 1 1270 560 694
2645 4588 75856415 1 1260 570 693
2491 4563 75856425 1 1240 570 690
2347 4579 75856435 1 1230 580 687
2230 4650 75856445 1 1200 570 688
2126 4715 75856455 1 1190 580 696
2063 4776 75856465 1 1190 580 694
2042 4800 75856475 1 1170 580 685
2048 4800 75856485 1 1170 580 690
2099 4800 75856495 1 1160 580 691
2198 4742 75856505 1 1160 580 694
2329 4641 75856515 1 1160 580 691
2499 4508 75856525 1 1160 580 708
2701 4314 75856535 1 1160 580 717
2924 4099 75856545 1 1160 580 721
3162 3871 75856555 1 1160 580 724
3393 3677 75856565 1 1160 580 733
3618 3555 75856575 1 1160 580 721
3844 3480 75856585 1 1140 590 731
4044 3446 75856595 1 1140 590 727
4227 3475 75856605 1 1140 590 721
4403 3546 75856615 1 1140 590 688
4548 3669 75856625 1 1130 590 647
4673 3846 75856635 1 1120 580 616
4773 4060 75856645 1 1120 580 595
4830 4273 75856655 1 1120 580 595
4857 4421 75856665 1 1120 580 600
4857 4526 75856675 1 1110 570 613
4834 4541 75856685 1 1110 570 625
4792 4508 75856695 1 1110 570 637
4735 4442 75856705 1 1110 570 676
4681 4292 75856715 1 1130 570 716
4661 4114 75856725 1 1130 570 740
4661 3918 75856735 1 1140 570 752
4688 3708 75856745 1 1140 570 750
4748 3560 75856755 1 1140 570 754
4832 3454 75856765 1 1160 570 759
4938 3402 75856775 1 1160 570 763
5062 3413 75856785 1 1160 570 770
5197 3465 75856795 1 1160 570 768
5331 3575 75856805 1 1160 570 760
5431 3737 75856815 1 1160 570 760
5508 3933 75856825 1 1160 570 722
5545 4163 75856835 1 1160 570 707
5540 4390 75856845 1 1160 570 700
5507 4614 75856855 1 1160 570 707
5438 4749 75856865 1 1160 560 730
5348 4830 75856875 1 1160 560 754
5244 4876 75856885 1 1160 560 790
5158 4889 75856895 1 1160 560 802
5121 4889 75856905 1 1160 560 796
5116 4877 75856915 1 1160 560 803
5165 4834 75856925 1 1170 560 817
5274 4777 75856935 1 1170 560 832
5422 4711 75856945 1 1170 560 822
5625 4698 75856955 1 1180 560 824
5870 4741 75856965 1 1180 560 831
6144 4821 75856975 1 1180 560 834
6445 4958 75856985 1 1180 560 822
6732 5122 75856995 1 1210 560 799
7010 5303 75857005 1 1210 560 773
7222 5522 75857015 1 1220 570 743
7399 5741 75857025 1 1220 570 705
7553 5960 75857035 1 1230 580 659
7637 6178 75857045 1 1230 580 592
7664 6424 75857055 1 1230 580 536
7653 6605 75857065 1 1230 580 516
7591 6744 75857075 1 1260 580 516
7492 6816 75857085 1 1260 580 537
7368 6823 75857095 1 1260 580 559
7232 6788 75857105 1 1260 580 595
7114 6700 75857115 1 1270 570 641
7007 6547 75857125 1 1300 580 700
6920 6352 75857135 1 1300 580 748
6855 6090 75857145 1 1310 570 785
6804 5765 75857155 1 1310 570 825
6791 5399 75857165 1 1310 570 858
6797 4993 75857175 1 1310 560 869
6816 4583 75857185 1 1310 560 866
6846 4243 75857195 1 1310 560 876
6896 3951 75857205 1 1300 560 873
6960 3742 75857215 1 1300 560 878
7043 3637 75857225 1 1280 570 872
7128 3601 75857235 1 1270 570 858
7233 3625 75857245 1 1260 580 857
7351 3708 75857255 1 1260 580 842
7473 3831 75857265 1 1240 580 839
7617 3952 75857275 1 1230 590 836
7776 4017 75857285 1 1210 590 833
7952 4044 75857295 1 1210 590 833
8120 4036 75857305 1 1190 600 829
8282 4011 75857315 1 1190 600 790
8452 3976 75857325 1 1180 600 694
8619 3948 75857335 1 1180 600 617
8801 3948 75857345 1 1180 600 585
8995 3977 75857355 1 1180 600 584
9176 4028 75857365 1 1190 610 606
9360 4078 75857375 1 1200 600 676
9550 4133 75857385 1 1200 600 752
9735 4133 75857395 1 1220 600 833
9916 4097 75857405 1 1220 600 861
10116 4032 75857415 1 1230 610 873
10317 3990 75857425 1 1250 600 858
10563 3964 75857435 1 1250 600 705
10837 4016 75857445 1 1260 610 428
11273 4235 75857467 0 1270 620 259
11375 4424 75857477 1 1270 620 282
11289 4496 75857487 1 1270 620 247
11149 4587 75857497 1 1290 630 63
10840 4869 75857527 0 1290 630 10
10534 5079 75857537 1 1290 630 125
10388 5128 75857547 1 1290 630 314
10245 5152 75857557 1 1290 630 526
10130 5152 75857567 1 1290 630 644
10031 5135 75857577 1 1300 620 727
9947 5084 75857587 1 1300 620 748
9865 5010 75857597 1 1300 620 737
9784 4920 75857607 1 1300 620 602
8218 5311 75857697 0 1320 600 708
7872 5306 75857707 1 1320 600 762
7695 5299 75857717 1 1320 600 756
7639 5272 75857727 1 1310 610 731
7663 5257 75857737 1 1290 600 664
7689 5249 75857747 1 1290 600 392
