149
3033 5035 52434957 0 1320 500 237
3033 5035 52434967 1 1320 500 257
2904 5041 52434977 1 1320 500 307
2882 5060 52434987 1 1320 500 312
2882 5060 52434997 1 1320 500 327
2924 5071 52435007 1 1320 500 393
3027 5094 52435017 1 1320 500 433
3173 5125 52435027 1 1320 500 452
3349 5164 52435037 1 1320 500 455
3555 5211 52435047 1 1320 500 453
3780 5263 52435057 1 1320 500 402
3967 5316 52435067 1 1330 510 205
3790 6115 52435177 0 1360 490 371
3704 6059 52435187 1 1360 490 386
3598 6031 52435197 1 1370 480 387
3532 6031 52435207 1 1370 480 391
3492 5867 52435217 1 1360 480 444
3492 5589 52435227 1 1370 470 505
3498 5233 52435237 1 1370 470 544
3498 4818 52435247 1 1370 470 546
3504 4416 52435257 1 1370 470 548
3526 4024 52435267 1 1360 480 501
3560 3676 52435277 1 1350 490 394
3599 3458 52435287 1 1340 490 205
3377 4774 52435408 0 1210 520 417
3465 4800 52435418 1 1210 520 418
3349 4800 52435428 1 1210 520 425
3236 4709 52435438 1 1210 520 418
3126 4559 52435448 1 1210 510 422
2974 4377 52435458 1 1220 500 427
2820 4169 52435468 1 1250 500 427
2665 3944 52435478 1 1260 500 417
2556 3791 52435488 1 1260 500 275
3243 4840 52435578 0 1270 500 471
3453 4895 52435588 1 1260 500 452
3515 4871 52435598 1 1260 500 468
3525 4832 52435608 1 1260 500 467
3606 4755 52435618 1 1260 500 475
3735 4653 52435628 1 1260 500 480
3829 4592 52435638 1 1270 500 477
3927 4539 52435648 1 1270 500 314
4862 5225 52435888 0 1250 470 98
4862 5225 52435898 1 1270 480 230
4742 5270 52435908 1 1270 480 367
4696 5256 52435918 1 1270 480 407
4696 5256 52435928 1 1300 480 407
4702 5269 52435938 1 1300 480 418
4799 5284 52435948 1 1300 480 444
4956 5328 52435958 1 1300 480 442
5118 5385 52435968 1 1310 480 439
5325 5450 52435978 1 1310 480 335
5326 6218 52436099 0 1340 490 397
5368 6140 52436109 1 1340 490 413
5236 6181 52436119 1 1350 490 415
5204 6160 52436129 1 1360 480 415
5238 6053 52436139 1 1360 480 442
5254 5888 52436149 1 1370 470 515
5268 5665 52436159 1 1370 470 569
5278 5344 52436169 1 1370 470 611
5285 4958 52436179 1 1370 470 613
5294 4508 52436189 1 1370 470 620
5306 4067 52436199 1 1370 470 614
5325 3633 52436209 1 1360 480 594
5347 3335 52436219 1 1360 490 485
5371 3103 52436229 1 1350 500 289
4997 4702 52436349 0 1230 530 512
5126 4650 52436359 1 1220 530 464
5046 4645 52436369 1 1220 530 467
4853 4547 52436379 1 1210 520 465
4708 4388 52436389 1 1220 510 474
4553 4111 52436399 1 1230 510 397
4442 3940 52436409 1 1220 500 237
4923 4680 52436479 0 1240 490 223
5249 4960 52436489 1 1250 500 294
5326 5019 52436499 1 1250 500 344
5354 5019 52436509 1 1260 500 420
5417 4979 52436519 1 1260 500 468
5502 4935 52436529 1 1260 500 522
5601 4870 52436539 1 1260 500 544
5732 4792 52436549 1 1270 510 537
5861 4695 52436559 1 1270 510 515
5985 4597 52436569 1 1270 510 247
7240 5758 52436970 0 1390 480 362
7333 5748 52436980 1 1380 480 338
7290 5778 52436990 1 1380 470 358
7190 5837 52437000 1 1360 460 364
7199 5820 52437010 1 1360 460 361
7243 5764 52437020 1 1370 450 376
7310 5681 52437030 1 1360 450 386
7364 5598 52437040 1 1360 460 393
7411 5471 52437050 1 1360 460 394
7452 5314 52437060 1 1360 460 386
7495 5161 52437070 1 1360 470 325
7536 5014 52437080 1 1360 470 49
7449 3928 52437170 0 1340 510 391
7364 3706 52437180 1 1330 520 440
7275 3706 52437190 1 1310 520 472
7247 3742 52437200 1 1310 520 478
7282 3795 52437210 1 1300 530 478
7358 3934 52437220 1 1300 530 468
7472 4086 52437230 1 1290 530 398
7604 4247 52437240 1 1290 530 51
8224 5864 52437360 0 1330 510 461
8192 5751 52437370 1 1340 510 468
8084 5703 52437380 1 1350 510 475
8057 5606 52437390 1 1350 510 478
8048 5476 52437400 1 1360 500 477
8048 5273 52437410 1 1360 500 474
8032 5069 52437420 1 1360 500 339
8016 4863 52437430 1 1380 500 63
8240 5267 52437521 0 1370 530 275
8293 5503 52437531 1 1370 530 393
8332 5607 52437541 1 1370 530 440
8418 5706 52437551 1 1370 530 497
8534 5772 52437561 1 1370 530 556
8695 5833 52437571 1 1370 530 594
8883 5884 52437581 1 1370 530 645
9089 5925 52437591 1 1400 530 685
9269 5959 52437601 1 1400 530 719
9453 5973 52437611 1 1410 520 733
9639 5973 52437621 1 1430 520 736
9779 5935 52437631 1 1430 520 740
9869 5852 52437641 1 1460 520 740
9925 5741 52437651 1 1460 520 740
9909 5613 52437661 1 1470 520 739
9845 5472 52437671 1 1470 520 728
9748 5323 52437681 1 1480 530 661
9627 5177 52437691 1 1480 530 467
8317 4584 52437771 0 1470 550 524
8317 4584 52437781 1 1460 540 540
8317 4584 52437791 1 1460 540 570
8409 4616 52437801 1 1450 550 600
8618 4628 52437811 1 1440 540 645
8882 4698 52437821 1 1440 540 652
9156 4778 52437831 1 1440 540 655
9392 4864 52437841 1 1440 540 647
9602 4932 52437851 1 1440 540 488
9742 4999 52437861 1 1430 550 24
9290 6750 52437971 0 1470 530 491
9290 6750 52437981 1 1480 530 492
9290 6750 52437991 1 1490 520 514
9161 6611 52438001 1 1500 510 539
9152 6360 52438011 1 1500 510 620
9094 6015 52438021 1 1510 500 668
9004 5532 52438031 1 1510 500 694
8891 4957 52438041 1 1510 500 700
8845 4255 52438051 1 1520 490 679
8845 3547 52438061 1 1530 490 594
8914 2955 52438071 1 1530 490 394
