231
3919 6251 252953 0 1420 500 170
3919 6251 252963 1 1410 510 239
3919 6251 252973 1 1420 520 242
3919 6251 252983 1 1420 520 267
3919 6251 252993 1 1430 520 348
3919 6251 253003 1 1430 520 431
3919 6251 253013 1 1430 520 488
3919 6251 253023 1 1450 530 504
3919 6251 253033 1 1450 530 515
3919 6251 253043 1 1450 530 522
4005 6342 253053 1 1450 530 512
4064 6424 253063 1 1450 530 513
4125 6518 253073 1 1460 530 513
4171 6608 253083 1 1460 530 515
4206 6678 253093 1 1460 530 526
4206 6736 253103 1 1460 530 540
4173 6777 253113 1 1460 530 560
4117 6801 253123 1 1460 530 594
4047 6815 253133 1 1460 530 611
3968 6798 253143 1 1460 530 619
3882 6755 253153 1 1460 530 644
3797 6696 253163 1 1460 530 655
3701 6613 253173 1 1460 530 670
3597 6491 253183 1 1460 530 702
3496 6343 253193 1 1450 530 713
3427 6200 253203 1 1450 530 727
3378 6071 253213 1 1460 530 733
3360 5951 253223 1 1460 530 720
3371 5855 253233 1 1460 530 721
3402 5797 253243 1 1460 530 727
3463 5764 253253 1 1460 530 730
3554 5764 253254 1 1450 540 727
3666 5823 253264 1 1430 530 728
3809 5914 253274 1 1430 530 721
3946 6032 253284 1 1430 530 710
4079 6152 253294 1 1440 540 705
4210 6274 253304 1 1440 540 707
4297 6379 253314 1 1440 540 710
4355 6450 253324 1 1440 540 728
4373 6498 253334 1 1440 540 740
4373 6503 253344 1 1440 540 749
4361 6503 253354 1 1420 540 748
4354 6503 253364 1 1440 540 755
4326 6438 253374 1 1440 540 757
4285 6336 253384 1 1440 540 771
4223 6194 253394 1 1440 540 783
4151 6046 253404 1 1440 540 814
4072 5859 253414 1 1450 540 818
3984 5647 253424 1 1450 540 848
3886 5446 253434 1 1450 540 869
3782 5237 253444 1 1450 540 861
3661 5024 253454 1 1440 540 882
3540 4851 253464 1 1440 540 899
3420 4709 253474 1 1430 550 899
3302 4589 253484 1 1430 550 908
3162 4483 253494 1 1410 560 914
3007 4393 253504 1 1400 560 918
2862 4314 253514 1 1400 560 915
2704 4248 253524 1 1390 570 909
2536 4211 253534 1 1380 580 903
2388 4194 253544 1 1380 580 887
2264 4213 253554 1 1350 580 830
2157 4281 253564 1 1350 580 705
2093 4381 253574 1 1340 580 490
5133 5967 253814 0 1430 500 196
5133 5967 253824 1 1440 500 239
5164 6054 253834 1 1450 510 270
5164 6070 253844 1 1470 510 314
5158 6101 253854 1 1480 510 348
5158 6143 253864 1 1470 520 376
5158 6188 253874 1 1470 530 397
5158 6236 253884 1 1470 530 418
5147 6285 253894 1 1470 530 458
5121 6325 253904 1 1480 540 483
5080 6359 253914 1 1490 530 499
5029 6367 253924 1 1490 530 515
4963 6359 253934 1 1510 530 540
4888 6319 253944 1 1510 530 586
4808 6254 253954 1 1510 530 617
4721 6173 253964 1 1510 530 652
4638 6075 253974 1 1520 530 670
4580 5976 253984 1 1520 530 678
4538 5876 253994 1 1510 530 688
4538 5801 254004 1 1510 530 694
4554 5752 254014 1 1490 530 690
4584 5721 254024 1 1480 540 687
4636 5707 254034 1 1480 540 670
4720 5729 254044 1 1460 540 650
4824 5774 254054 1 1460 540 628
4933 5867 254064 1 1460 540 606
5042 5969 254074 1 1450 540 591
5147 6077 254084 1 1450 540 591
5212 6156 254094 1 1450 540 595
5252 6201 254104 1 1450 540 619
5258 6224 254114 1 1450 540 633
5258 6224 254124 1 1460 540 636
5258 6210 254134 1 1460 540 636
5258 6197 254144 1 1460 540 667
5258 6131 254154 1 1460 540 685
5264 6042 254164 1 1470 550 699
5264 5939 254174 1 1480 540 721
5264 5830 254184 1 1480 540 721
5274 5745 254194 1 1500 540 733
5294 5675 254204 1 1510 530 736
5330 5628 254214 1 1500 540 743
5387 5605 254224 1 1500 540 749
5458 5599 254234 1 1500 540 746
5563 5640 254244 1 1490 550 737
5700 5721 254254 1 1490 550 727
5857 5830 254264 1 1480 560 699
5996 5969 254274 1 1480 560 665
6115 6103 254284 1 1480 560 644
6220 6229 254294 1 1480 560 647
6300 6352 254304 1 1490 560 658
6360 6475 254314 1 1490 560 670
6406 6563 254324 1 1490 560 691
6436 6629 254334 1 1490 560 724
6448 6658 254344 1 1510 560 724
6448 6665 254354 1 1510 560 724
6442 6658 254364 1 1520 560 721
6442 6658 254374 1 1530 560 730
6408 6588 254384 1 1540 550 751
6355 6480 254394 1 1540 550 759
6283 6319 254404 1 1560 550 788
6214 6167 254414 1 1560 550 797
6152 6021 254424 1 1560 550 809
6109 5874 254434 1 1570 540 811
6078 5771 254444 1 1560 550 818
6078 5698 254454 1 1560 550 820
6104 5661 254464 1 1560 550 823
6146 5648 254474 1 1550 550 823
6214 5648 254484 1 1550 550 802
6309 5689 254494 1 1540 560 760
6422 5754 254504 1 1540 560 691
6526 5837 254514 1 1520 570 580
6604 5925 254524 1 1520 570 431
6664 5992 254534 1 1520 570 247
6677 6044 254544 1 1520 570 1
6598 6104 254566 0 1520 570 91
6441 6120 254576 1 1520 570 142
6352 6126 254586 1 1520 570 175
6250 6126 254596 1 1520 570 260
6149 6113 254606 1 1530 560 377
6073 6096 254616 1 1530 560 488
6014 6081 254626 1 1540 550 591
5995 6081 254636 1 1540 550 630
5995 6081 254646 1 1550 540 645
6007 6086 254656 1 1550 540 670
6053 6104 254666 1 1550 540 702
6141 6131 254676 1 1560 530 690
6257 6164 254686 1 1560 530 699
6393 6194 254696 1 1540 530 645
6514 6215 254706 1 1540 530 488
6624 6221 254716 1 1540 530 182
6874 6190 254796 0 1560 530 423
6766 6070 254806 1 1560 530 496
6731 6052 254816 1 1560 530 516
6722 6065 254826 1 1560 530 564
6729 6050 254836 1 1560 530 645
6764 6036 254846 1 1560 530 690
6826 6036 254856 1 1560 530 749
6907 6036 254866 1 1560 530 768
7023 6070 254876 1 1570 540 773
7145 6113 254886 1 1570 540 774
7270 6163 254896 1 1570 540 770
7384 6217 254906 1 1570 540 763
7490 6276 254916 1 1570 540 734
7571 6338 254926 1 1570 540 731
7638 6398 254936 1 1580 540 717
7668 6444 254946 1 1580 540 711
7668 6480 254956 1 1580 540 707
7638 6514 254966 1 1580 540 708
7595 6530 254976 1 1600 540 713
7527 6530 254986 1 1600 540 728
7443 6502 254996 1 1600 540 730
7346 6447 255006 1 1610 550 755
7262 6378 255016 1 1610 550 770
7187 6297 255026 1 1610 550 794
7124 6196 255036 1 1610 550 812
7066 6083 255046 1 1610 550 830
7042 5973 255056 1 1610 550 824
7042 5887 255066 1 1610 550 836
7069 5817 255076 1 1600 550 846
7141 5776 255086 1 1600 550 849
7240 5771 255096 1 1590 550 846
7387 5789 255106 1 1580 560 817
7553 5861 255116 1 1580 560 787
7732 5951 255126 1 1580 560 754
7911 6053 255136 1 1580 560 740
8051 6146 255146 1 1600 560 730
8165 6240 255156 1 1600 560 721
8267 6348 255166 1 1600 560 722
8351 6465 255176 1 1590 570 728
8422 6560 255186 1 1610 570 730
8453 6617 255196 1 1610 570 755
8453 6648 255206 1 1610 570 759
8444 6658 255216 1 1620 580 763
8414 6665 255226 1 1620 580 768
8368 6646 255236 1 1640 580 779
8311 6612 255246 1 1640 580 796
8243 6543 255256 1 1640 570 800
8181 6451 255266 1 1660 570 820
8130 6345 255276 1 1660 570 833
8104 6247 255286 1 1660 560 849
8093 6163 255296 1 1660 560 866
8112 6088 255306 1 1660 560 872
8163 6028 255316 1 1660 560 888
8234 5971 255326 1 1660 560 897
8328 5915 255336 1 1660 560 903
8431 5869 255346 1 1660 570 906
8541 5827 255356 1 1660 570 892
8634 5789 255366 1 1660 570 896
8709 5753 255376 1 1650 580 894
8771 5716 255386 1 1640 580 897
8801 5679 255396 1 1630 590 912
8801 5637 255406 1 1620 600 945
8769 5590 255416 1 1620 600 964
8705 5535 255426 1 1620 610 978
8612 5478 255436 1 1620 610 1011
8500 5420 255446 1 1610 620 1023
8345 5360 255456 1 1610 620 1023
8177 5301 255466 1 1600 630 1023
7999 5245 255476 1 1580 620 1023
7826 5195 255486 1 1570 630 1023
7663 5149 255497 1 1570 630 1023
7543 5116 255507 1 1570 630 1023
7447 5095 255517 1 1570 630 1023
7382 5083 255527 1 1550 630 1020
7347 5083 255537 1 1550 630 933
7333 5090 255547 1 1550 630 787
7333 5098 255557 1 1550 630 448
