163
1530 6223 75766286 0 1020 580 100
1518 6443 75766296 1 1030 580 369
1489 6498 75766306 1 1050 580 382
1462 6534 75766316 1 1080 580 369
1462 6534 75766326 1 1090 570 369
1488 6501 75766336 1 1100 560 381
1515 6393 75766346 1 1120 560 388
1542 6194 75766356 1 1130 560 438
1570 5934 75766366 1 1150 550 517
1597 5576 75766376 1 1160 550 566
1631 5167 75766386 1 1180 560 586
1669 4725 75766396 1 1200 550 585
1714 4319 75766406 1 1200 550 603
1764 3989 75766416 1 1210 560 617
1784 3710 75766426 1 1210 560 627
1799 3566 75766436 1 1200 570 631
1810 3504 75766446 1 1190 580 622
1810 3498 75766456 1 1160 580 613
1795 3533 75766466 1 1150 600 592
1765 3699 75766476 1 1130 600 572
1722 3953 75766486 1 1110 610 560
1680 4313 75766496 1 1110 610 570
1642 4706 75766506 1 1080 630 570
1642 5122 75766516 1 1080 630 564
1662 5522 75766526 1 1070 640 567
1715 5843 75766536 1 1050 640 567
1793 6112 75766546 1 1050 640 564
1888 6311 75766556 1 1050 640 563
1997 6464 75766566 1 1070 640 560
2118 6586 75766576 1 1090 640 570
2248 6638 75766586 1 1130 630 560
2368 6619 75766596 1 1150 630 578
2489 6553 75766606 1 1180 620 595
2609 6393 75766616 1 1190 610 611
2707 6185 75766626 1 1220 600 645
2790 5945 75766636 1 1240 600 669
2835 5689 75766646 1 1250 590 699
2843 5459 75766656 1 1270 590 721
2826 5246 75766666 1 1280 580 722
2776 5032 75766676 1 1270 570 721
2686 4840 75766686 1 1270 570 724
2569 4663 75766696 1 1270 570 733
2439 4572 75766706 1 1260 580 721
2312 4544 75766716 1 1240 580 727
2188 4559 75766726 1 1240 580 727
2067 4625 75766736 1 1230 590 727
1986 4700 75766746 1 1200 580 740
1931 4780 75766756 1 1200 580 739
1918 4823 75766766 1 1180 590 731
1930 4843 75766776 1 1180 590 733
1959 4849 75766786 1 1180 590 739
2040 4823 75766796 1 1170 590 748
2181 4743 75766806 1 1170 590 757
2363 4628 75766816 1 1170 590 774
2579 4454 75766826 1 1170 590 782
2812 4237 75766836 1 1170 590 793
3057 3992 75766846 1 1170 590 791
3301 3771 75766856 1 1170 590 788
3533 3626 75766866 1 1160 580 762
3754 3532 75766876 1 1140 590 756
3972 3507 75766886 1 1140 590 743
4155 3568 75766896 1 1140 590 730
4303 3686 75766906 1 1140 590 721
4428 3853 75766916 1 1130 590 731
4513 4020 75766926 1 1130 590 721
4572 4154 75766936 1 1120 580 710
4614 4265 75766946 1 1100 580 699
4628 4295 75766956 1 1100 580 696
4620 4289 75766966 1 1100 580 691
4597 4260 75766976 1 1090 570 697
4563 4176 75766986 1 1110 570 722
4532 4039 75766996 1 1110 570 754
4532 3868 75767006 1 1110 570 790
4545 3660 75767016 1 1110 570 785
4602 3492 75767026 1 1100 560 785
4699 3352 75767036 1 1100 560 796
4822 3267 75767046 1 1100 560 788
4939 3260 75767056 1 1100 560 774
5056 3305 75767066 1 1100 560 770
5168 3417 75767076 1 1130 570 768
5250 3563 75767086 1 1130 570 762
5314 3732 75767096 1 1130 570 754
5327 3928 75767106 1 1130 570 760
5309 4095 75767116 1 1130 570 754
5269 4244 75767126 1 1130 570 758
5218 4313 75767136 1 1130 570 758
5164 4340 75767146 1 1130 570 759
5109 4340 75767156 1 1130 570 763
5088 4319 75767166 1 1130 570 774
5108 4295 75767176 1 1130 580 796
5155 4233 75767186 1 1130 580 800
5266 4146 75767196 1 1150 580 806
5423 4100 75767206 1 1150 580 808
5611 4088 75767216 1 1160 570 806
5844 4100 75767226 1 1160 570 790
6058 4165 75767236 1 1160 570 774
6260 4282 75767246 1 1190 580 728
6460 4433 75767256 1 1190 580 684
6617 4595 75767266 1 1190 580 636
6745 4773 75767276 1 1200 580 561
6824 4963 75767286 1 1200 580 472
6849 5143 75767296 1 1200 580 420
6838 5293 75767306 1 1210 590 425
6788 5424 75767316 1 1230 590 430
6722 5443 75767326 1 1230 590 448
6645 5421 75767336 1 1230 590 515
6559 5372 75767346 1 1230 590 597
6476 5235 75767356 1 1230 590 669
6416 5057 75767366 1 1240 580 749
6371 4853 75767376 1 1240 580 796
6356 4592 75767386 1 1240 580 846
6346 4305 75767396 1 1240 580 884
6346 4000 75767406 1 1260 580 906
6352 3699 75767416 1 1240 580 899
6380 3469 75767426 1 1240 580 896
6421 3287 75767436 1 1240 580 897
6487 3171 75767446 1 1230 590 866
6560 3152 75767456 1 1230 590 869
6643 3198 75767466 1 1210 590 857
6734 3332 75767476 1 1200 580 846
6832 3500 75767486 1 1200 580 842
6937 3692 75767496 1 1190 600 840
7048 3817 75767506 1 1190 600 846
7165 3859 75767516 1 1180 600 857
7284 3845 75767526 1 1160 600 861
7405 3769 75767536 1 1160 600 863
7507 3671 75767546 1 1160 600 861
7595 3558 75767556 1 1140 610 848
7685 3476 75767566 1 1140 610 823
7780 3433 75767576 1 1150 620 785
7891 3416 75767586 1 1150 620 751
8010 3450 75767596 1 1150 620 727
8146 3523 75767606 1 1160 630 728
8305 3623 75767616 1 1180 620 751
8480 3703 75767626 1 1180 620 785
8671 3703 75767618 1 1180 620 827
8878 3661 75767628 1 1190 630 867
9095 3598 75767638 1 1210 630 863
9307 3549 75767648 1 1210 630 861
9540 3510 75767658 1 1210 630 857
9787 3522 75767668 1 1200 640 791
10040 3570 75767678 1 1200 640 707
10245 3642 75767688 1 1200 640 678
10419 3722 75767698 1 1220 650 675
10543 3804 75767708 1 1240 640 676
10596 3887 75767718 1 1240 640 675
10602 3966 75767728 1 1240 640 667
10578 4034 75767738 1 1240 640 569
10537 4057 75767748 1 1250 640 142
9676 4063 75767828 0 1290 630 731
9503 4008 75767838 1 1290 630 740
9384 4021 75767848 1 1300 620 746
9376 4004 75767858 1 1310 610 737
9369 3995 75767868 1 1310 610 655
9364 3995 75767878 1 1310 610 396
8392 4275 75767968 0 1340 600 349
7968 4408 75767978 1 1340 600 443
7803 4447 75767988 1 1340 600 516
7658 4461 75767998 1 1340 600 597
7574 4451 75768008 1 1340 600 620
7531 4425 75768018 1 1320 600 603
7516 4391 75768028 1 1310 600 518
7526 4346 75768038 1 1310 600 136
