145
3349 5238 52398394 0 1340 430 335
3349 5238 52398404 1 1340 440 381
3349 5238 52398414 1 1350 440 418
3349 5238 52398424 1 1360 450 415
3349 5238 52398434 1 1370 450 420
3476 5260 52398444 1 1370 460 422
3640 5296 52398454 1 1370 460 420
3831 5347 52398464 1 1380 470 394
3997 5410 52398474 1 1380 480 282
4007 5819 52398565 0 1390 470 317
3900 5831 52398575 1 1390 470 372
3840 5831 52398585 1 1390 470 399
3783 5859 52398595 1 1390 470 393
3766 5829 52398605 1 1390 470 398
3775 5712 52398615 1 1390 470 405
3799 5538 52398625 1 1390 470 443
3819 5246 52398635 1 1390 470 498
3837 4875 52398645 1 1380 480 520
3847 4451 52398655 1 1380 480 502
3852 4008 52398665 1 1380 480 404
3852 3595 52398675 1 1370 480 259
3875 3371 52398685 1 1360 490 63
3627 4779 52398785 0 1270 500 218
3627 4779 52398795 1 1260 490 329
3627 4779 52398805 1 1260 490 327
3627 4779 52398815 1 1260 490 327
3475 4737 52398825 1 1260 490 332
3368 4597 52398835 1 1250 480 334
3238 4424 52398845 1 1260 480 334
3097 4197 52398855 1 1260 480 292
2949 4029 52398865 1 1270 480 120
3450 4760 52398945 0 1300 500 274
3630 4838 52398955 1 1300 500 285
3636 4838 52398965 1 1300 500 314
3683 4808 52398975 1 1300 500 344
3762 4769 52398985 1 1300 500 356
3862 4722 52398995 1 1300 500 339
3982 4655 52399005 1 1300 500 98
4750 5475 52399175 0 1370 460 532
4658 5296 52399185 1 1370 460 567
4582 5313 52399195 1 1380 460 581
4497 5398 52399205 1 1390 440 567
4533 5442 52399215 1 1390 420 562
4667 5452 52399225 1 1400 400 557
4865 5439 52399235 1 1380 410 540
5026 5439 52399245 1 1380 410 497
5192 5470 52399255 1 1380 410 418
5361 5512 52399265 1 1370 410 287
5529 5567 52399275 1 1360 420 109
5302 5957 52399376 0 1400 500 371
5295 5752 52399386 1 1410 500 409
5185 5701 52399396 1 1410 500 455
5151 5524 52399406 1 1410 500 491
5134 5246 52399416 1 1410 500 509
5129 4900 52399426 1 1410 500 514
5097 4515 52399436 1 1410 500 504
5057 4128 52399446 1 1400 510 443
5011 3741 52399456 1 1400 510 344
5006 3529 52399466 1 1380 510 137
4985 4895 52399566 0 1310 540 412
4985 4895 52399576 1 1300 530 362
4985 4895 52399586 1 1300 530 369
4834 4823 52399596 1 1300 530 364
4716 4686 52399606 1 1300 530 339
4574 4493 52399616 1 1300 530 251
4426 4298 52399626 1 1300 520 47
4672 4682 52399696 0 1320 500 184
4988 4903 52399706 1 1320 500 274
5049 4947 52399716 1 1320 500 358
5122 4935 52399726 1 1320 500 427
5216 4886 52399736 1 1320 500 460
5325 4817 52399746 1 1320 500 463
5443 4729 52399756 1 1300 510 391
6834 5410 52400077 0 1370 470 392
6834 5410 52400087 1 1370 470 453
6834 5410 52400097 1 1370 470 448
6770 5539 52400107 1 1370 470 442
6787 5525 52400117 1 1370 470 442
6834 5484 52400127 1 1370 470 442
6883 5424 52400137 1 1370 470 436
6933 5351 52400147 1 1370 470 413
6967 5252 52400157 1 1370 470 312
6775 4345 52400257 0 1360 490 538
6761 3995 52400267 1 1350 490 488
6703 3953 52400277 1 1350 490 512
6604 3898 52400287 1 1340 490 520
6590 3835 52400297 1 1340 490 515
6590 3811 52400307 1 1340 490 517
6608 3811 52400317 1 1340 490 516
6635 3831 52400327 1 1340 490 513
6710 3920 52400337 1 1330 500 492
6818 4067 52400347 1 1320 490 442
6960 4252 52400357 1 1320 490 284
7611 5448 52400487 0 1370 510 279
7611 5448 52400497 1 1380 500 251
7655 5348 52400507 1 1380 500 242
7603 5254 52400517 1 1380 500 257
7592 5102 52400527 1 1400 510 257
7584 4911 52400537 1 1410 500 254
7569 4690 52400547 1 1410 500 61
7584 5109 52400658 0 1380 510 315
7680 5233 52400668 1 1380 510 338
7724 5321 52400678 1 1380 510 371
7782 5407 52400688 1 1400 520 396
7889 5456 52400698 1 1400 520 443
8028 5512 52400708 1 1400 520 477
8181 5574 52400718 1 1410 520 512
8357 5625 52400728 1 1410 520 546
8549 5650 52400738 1 1420 530 554
8714 5659 52400748 1 1420 530 561
8849 5638 52400758 1 1430 520 567
8965 5605 52400768 1 1450 530 572
9046 5563 52400778 1 1460 530 575
9114 5514 52400788 1 1460 530 578
9114 5514 52400798 1 1470 530 570
9204 5380 52400808 1 1480 540 560
9204 5284 52400818 1 1480 540 546
9174 5152 52400828 1 1500 540 522
9099 4993 52400838 1 1510 540 449
9000 4816 52400848 1 1510 540 232
7755 4258 52400938 0 1500 550 389
7755 4258 52400948 1 1500 550 415
7755 4258 52400958 1 1500 550 427
7755 4258 52400968 1 1480 560 472
7966 4332 52400978 1 1480 560 526
8155 4382 52400988 1 1460 550 570
8373 4447 52400998 1 1460 550 578
8610 4503 52401008 1 1450 550 572
8798 4544 52401018 1 1450 550 477
8947 4575 52401028 1 1440 560 207
8511 6108 52401158 0 1460 550 382
8511 6108 52401168 1 1470 550 374
8530 6191 52401178 1 1480 540 387
8475 6191 52401188 1 1480 530 391
8466 6104 52401198 1 1480 530 443
8488 5965 52401208 1 1480 510 519
8493 5705 52401218 1 1480 510 588
8480 5365 52401228 1 1480 510 617
8456 4973 52401238 1 1490 510 630
8423 4510 52401248 1 1490 510 642
8415 4045 52401258 1 1480 510 616
8423 3575 52401268 1 1490 520 569
8445 3156 52401278 1 1490 520 473
8466 2771 52401288 1 1480 530 307
8487 2495 52401298 1 1470 530 51
