324
3416 7487 8209604 0 1710 460 619
3372 7598 8209614 1 1690 470 658
3320 7735 8209624 1 1670 480 661
3267 7771 8209634 1 1650 500 646
3210 7741 8209644 1 1620 510 637
3126 7714 8209654 1 1600 510 638
3023 7624 8209664 1 1580 520 644
2877 7492 8209674 1 1580 530 670
2710 7303 8209684 1 1560 530 710
2528 7069 8209694 1 1560 530 756
2350 6805 8209704 1 1560 530 802
2178 6536 8209714 1 1560 530 819
2015 6244 8209724 1 1560 530 830
1912 5993 8209734 1 1530 540 833
1849 5776 8209744 1 1530 540 834
1830 5668 8209754 1 1530 550 836
1846 5612 8209764 1 1520 560 846
1884 5590 8209774 1 1490 560 857
1973 5602 8209784 1 1490 560 866
2116 5655 8209794 1 1480 570 854
2294 5735 8209804 1 1470 580 858
2481 5854 8209814 1 1460 570 864
2674 5980 8209824 1 1440 580 869
2870 6110 8209834 1 1430 590 858
3043 6218 8209844 1 1430 590 794
3173 6274 8209854 1 1430 590 581
3275 6296 8209864 1 1420 580 36
2449 4960 8209945 0 1400 580 638
2052 4326 8209955 1 1400 580 748
1871 4198 8209965 1 1390 570 767
1786 4114 8209975 1 1390 570 758
1765 4060 8209985 1 1380 580 750
1811 4072 8209995 1 1380 580 763
1925 4177 8210005 1 1360 580 771
2084 4343 8210015 1 1360 580 776
2280 4599 8210025 1 1340 580 774
2497 4922 8210035 1 1340 580 779
2729 5289 8210045 1 1320 590 779
2899 5640 8210055 1 1320 590 765
3037 5990 8210065 1 1320 590 771
3154 6333 8210075 1 1320 590 771
3227 6665 8210085 1 1340 600 794
3277 6905 8210095 1 1340 600 832
3311 7084 8210105 1 1350 590 828
3323 7128 8210115 1 1350 590 825
3323 7134 8210125 1 1360 580 830
3309 7114 8210135 1 1380 580 829
3265 7060 8210145 1 1380 580 829
3178 6903 8210155 1 1390 570 823
3061 6678 8210165 1 1400 580 817
2947 6377 8210175 1 1420 570 822
2836 5976 8210185 1 1430 560 839
2748 5509 8210195 1 1430 560 866
2674 4931 8210205 1 1430 560 887
2646 4340 8210215 1 1440 560 888
2679 3740 8210225 1 1430 560 899
2753 3432 8210235 1 1430 560 914
2840 3245 8210245 1 1420 570 934
2962 3140 8210255 1 1400 580 958
3106 3117 8210265 1 1390 580 970
3302 3187 8210275 1 1380 590 967
3528 3320 8210285 1 1360 600 952
3774 3557 8210295 1 1340 600 937
4029 3914 8210305 1 1320 600 951
4302 4350 8210315 1 1310 610 912
4586 4785 8210325 1 1310 610 863
4855 5297 8210335 1 1290 610 869
5094 5861 8210345 1 1270 620 861
5314 6423 8210355 1 1240 620 863
5523 6857 8210365 1 1240 620 863
5704 7207 8210375 1 1260 620 866
5866 7485 8210385 1 1260 620 870
5988 7689 8210395 1 1260 620 864
6069 7844 8210405 1 1270 620 866
6122 7930 8210405 1 1300 620 866
6122 7930 8210415 1 1320 610 863
6122 7930 8210425 1 1340 610 854
6122 7930 8210435 1 1360 610 867
6000 7855 8210445 1 1380 600 857
5913 7708 8210455 1 1380 600 873
5814 7395 8210465 1 1410 600 905
5710 6989 8210475 1 1420 590 911
5609 6520 8210485 1 1420 590 947
5529 5887 8210495 1 1420 590 937
5461 5254 8210505 1 1420 590 942
5461 4699 8210515 1 1420 590 961
5468 4195 8210525 1 1410 600 1012
5477 3988 8210535 1 1390 610 1023
5489 3890 8210545 1 1390 610 1023
5519 3866 8210555 1 1360 610 1023
5561 3841 8210565 1 1350 620 1003
5620 3896 8210575 1 1330 620 978
5684 4005 8210585 1 1290 630 959
5744 4221 8210595 1 1270 630 930
5798 4525 8210605 1 1250 640 890
5838 4889 8210615 1 1250 640 861
5890 5325 8210625 1 1220 630 857
5950 5765 8210635 1 1200 640 861
6055 6209 8210645 1 1200 640 866
6218 6632 8210655 1 1200 640 857
6420 6972 8210665 1 1200 640 873
6646 7257 8210675 1 1220 650 876
6876 7451 8210685 1 1240 640 885
7108 7645 8210695 1 1250 640 893
7316 7769 8210705 1 1290 640 900
7499 7847 8210715 1 1300 630 906
7664 7870 8210725 1 1330 630 941
7786 7812 8210735 1 1330 630 967
7874 7701 8210745 1 1370 630 997
7940 7499 8210755 1 1380 630 987
7940 7242 8210765 1 1410 630 982
7867 6948 8210775 1 1430 620 987
7748 6704 8210785 1 1440 620 999
7616 6526 8210795 1 1440 620 1002
7465 6392 8210805 1 1460 620 993
7300 6279 8210815 1 1470 620 979
7150 6240 8210825 1 1470 620 977
7025 6251 8210835 1 1470 620 949
6916 6337 8210845 1 1460 630 939
6805 6472 8210855 1 1460 630 938
6738 6639 8210865 1 1460 630 950
6699 6778 8210875 1 1460 630 937
6716 6866 8210885 1 1460 630 943
6780 6920 8210895 1 1460 630 961
6874 6977 8210905 1 1440 620 997
7006 6992 8210915 1 1440 620 999
7169 6978 8210925 1 1440 620 1020
7353 6940 8210935 1 1440 620 1023
7559 6907 8210945 1 1460 620 1023
7758 6878 8210955 1 1460 620 1023
7953 6855 8210965 1 1460 620 1023
8113 6836 8210975 1 1440 620 1023
8244 6821 8210985 1 1440 620 1023
8356 6791 8210995 1 1460 630 1023
8436 6750 8211005 1 1460 630 1023
8488 6702 8211015 1 1450 640 1023
8520 6647 8211025 1 1460 640 1023
8511 6588 8211035 1 1460 640 1000
8446 6499 8211045 1 1480 650 918
8344 6391 8211055 1 1480 650 800
8185 6248 8211065 1 1470 650 694
7988 6101 8211075 1 1490 660 668
7766 5928 8211085 1 1490 660 666
7537 5741 8211095 1 1480 670 727
7308 5579 8211105 1 1480 670 783
7135 5451 8211115 1 1460 670 827
7000 5347 8211125 1 1440 670 851
6922 5285 8211135 1 1420 680 864
6880 5257 8211145 1 1420 680 863
6862 5252 8211155 1 1420 680 864
6870 5252 8211165 1 1420 680 872
6912 5299 8211175 1 1410 680 899
6977 5369 8211185 1 1390 680 905
7084 5459 8211195 1 1390 680 917
7219 5548 8211205 1 1370 690 926
7373 5635 8211215 1 1350 680 932
7522 5701 8211225 1 1350 680 939
7645 5753 8211235 1 1330 690 945
7751 5787 8211245 1 1330 690 934
7829 5797 8211255 1 1310 690 933
7875 5790 8211265 1 1310 690 941
7900 5746 8211275 1 1310 690 947
7889 5615 8211285 1 1290 700 943
7832 5426 8211295 1 1290 700 940
7743 5178 8211305 1 1290 700 924
7639 4910 8211315 1 1290 700 935
7520 4630 8211325 1 1290 700 958
7391 4427 8211335 1 1270 700 986
7282 4224 8211345 1 1270 700 988
7211 4058 8211355 1 1280 710 988
7166 3917 8211365 1 1280 710 992
7150 3837 8211375 1 1280 710 992
7158 3811 8211385 1 1280 710 991
7181 3821 8211395 1 1280 710 989
7233 3863 8211405 1 1280 710 989
7325 3990 8211415 1 1260 720 977
7444 4174 8211425 1 1260 720 959
7553 4418 8211435 1 1260 720 944
7645 4692 8211445 1 1260 720 897
7726 4986 8211455 1 1260 720 893
7778 5309 8211465 1 1240 710 885
7815 5629 8211475 1 1240 710 884
7841 5895 8211485 1 1240 710 890
7868 6127 8211495 1 1240 710 896
7881 6256 8211505 1 1270 700 903
7881 6347 8211515 1 1290 700 893
7874 6412 8211525 1 1290 700 897
7847 6442 8211535 1 1310 690 902
7810 6467 8211545 1 1310 690 902
7762 6479 8211555 1 1330 690 905
7716 6479 8211565 1 1310 680 906
7670 6457 8211575 1 1330 670 906
7626 6413 8211585 1 1350 670 908
7584 6329 8211595 1 1350 670 909
7549 6203 8211605 1 1370 660 911
7521 6048 8211615 1 1380 650 930
7500 5814 8211625 1 1380 650 941
7495 5496 8211635 1 1380 650 967
7495 5122 8211645 1 1380 650 986
7511 4618 8211655 1 1380 650 986
7528 4117 8211665 1 1370 660 990
7579 3617 8211675 1 1350 670 1023
7651 3345 8211685 1 1330 670 1023
7667 3124 8211695 1 1310 680 1023
7692 2937 8211705 1 1310 690 1023
7724 2797 8211715 1 1290 700 1023
7746 2709 8211725 1 1270 700 1023
7768 2655 8211735 1 1220 710 1023
7791 2630 8211745 1 1190 720 1023
7815 2619 8211755 1 1130 730 1023
7856 2619 8211765 1 1100 730 1023
7917 2634 8211775 1 1070 730 1023
7992 2697 8211785 1 1040 740 1021
8080 2791 8211795 1 1000 740 1021
8172 2947 8211805 1 930 740 1005
8282 3185 8211815 1 900 740 977
8403 3479 8211825 1 900 750 935
8529 3864 8211835 1 900 750 908
8654 4321 8211845 1 900 750 893
8821 4827 8211855 1 900 750 897
9016 5299 8211865 1 900 750 902
9233 5738 8211875 1 900 750 909
9488 6156 8211885 1 900 750 924
9769 6557 8211895 1 900 750 920
10064 6909 8211905 1 940 750 933
10324 7228 8211915 1 1020 760 930
10560 7552 8211925 1 1060 750 921
10769 7876 8211935 1 1130 750 924
10948 8144 8211945 1 1180 750 947
11108 8376 8211955 1 1210 750 965
11184 8501 8211965 1 1270 740 980
11212 8554 8211975 1 1320 740 997
11212 8559 8211985 1 1350 730 979
11192 8566 8211995 1 1370 730 981
11160 8573 8212005 1 1420 720 981
11118 8559 8212015 1 1440 720 979
11056 8531 8212025 1 1460 710 984
10978 8456 8212035 1 1500 710 988
10889 8336 8212045 1 1520 700 997
10800 8186 8212055 1 1520 700 1008
10697 7958 8212065 1 1540 700 1014
10584 7668 8212075 1 1550 690 1023
10467 7338 8212085 1 1550 690 1023
10343 6956 8212095 1 1550 690 1023
10213 6572 8212105 1 1540 700 1023
10095 6187 8212115 1 1540 700 1023
9982 5850 8212125 1 1540 700 1023
9892 5589 8212135 1 1530 710 1023
9817 5379 8212145 1 1510 720 1023
9783 5181 8212155 1 1510 720 1023
9755 5035 8212165 1 1490 730 1023
9755 4923 8212175 1 1480 740 1023
9764 4848 8212185 1 1460 740 1023
9799 4811 8212195 1 1430 750 1023
9867 4800 8212205 1 1410 760 1023
9956 4858 8212215 1 1380 770 1023
10094 4995 8212225 1 1320 770 1023
10235 5186 8212235 1 1290 770 1023
10379 5433 8212245 1 1250 780 1023
10518 5690 8212255 1 1250 780 1023
10613 5953 8212265 1 1210 780 1023
10680 6172 8212275 1 1210 780 1023
10717 6324 8212285 1 1210 780 1023
10722 6432 8212295 1 1180 780 1023
10705 6515 8212305 1 1180 780 1023
10667 6565 8212315 1 1180 780 1023
10614 6594 8212325 1 1180 780 1023
10550 6621 8212335 1 1220 770 1023
10486 6647 8212345 1 1220 770 1023
10426 6672 8212355 1 1260 770 1023
10369 6696 8212365 1 1260 770 1023
10330 6715 8212375 1 1290 760 1023
10305 6724 8212385 1 1290 760 1023
10289 6724 8212395 1 1320 750 1023
10282 6724 8212405 1 1320 750 1023
10282 6724 8212415 1 1350 750 1023
10276 6724 8212425 1 1350 750 1023
10276 6717 8212435 1 1350 750 1023
10270 6708 8212445 1 1380 740 1023
10263 6644 8212455 1 1400 750 1023
10263 6545 8212465 1 1400 750 1023
10263 6295 8212475 1 1400 750 1023
10263 5927 8212485 1 1380 750 1023
10254 5481 8212495 1 1380 750 1023
10241 5000 8212505 1 1380 750 1023
10253 4567 8212515 1 1350 760 1023
10239 4165 8212525 1 1320 770 1023
10193 3897 8212535 1 1320 780 1023
10156 3623 8212545 1 1280 790 1023
10137 3505 8212555 1 1240 790 1023
10129 3493 8212565 1 1140 800 1023
10080 3504 8212575 1 1080 810 1023
9988 3568 8212585 1 1020 810 1023
9867 3668 8212595 1 900 810 1023
9726 3829 8212605 1 900 810 1023
9591 3955 8212615 1 840 810 1023
9513 4058 8212625 1 780 810 1023
9470 4035 8212635 1 730 800 1023
9435 3966 8212645 1 730 800 1023
9420 3866 8212655 1 680 790 1023
9420 3717 8212665 1 700 780 1023
9426 3573 8212675 1 660 780 1023
9437 3457 8212685 1 660 780 1023
9454 3359 8212695 1 680 770 1023
9480 3310 8212705 1 640 770 1023
9514 3298 8212715 1 640 770 1023
9560 3311 8212725 1 660 760 1023
9625 3382 8212735 1 660 760 1023
9701 3513 8212745 1 660 760 1023
9786 3685 8212755 1 670 750 973
9906 3883 8212765 1 670 750 896
10048 4065 8212775 1 670 750 866
10198 4236 8212785 1 670 750 867
10375 4377 8212795 1 670 750 884
10569 4467 8212805 1 670 750 955
10738 4524 8212815 1 670 750 1023
10860 4552 8212825 1 670 750 1023
10950 4561 8212835 1 660 760 1023
11000 4561 8212845 1 660 760 1023
11014 4556 8212855 1 660 760 1023
11005 4556 8212865 1 680 770 1023
10986 4546 8212875 1 680 770 1023
10932 4529 8212885 1 680 770 993
10855 4540 8212895 1 680 770 252
