152
2776 5266 52464159 0 1350 720 277
2776 5266 52464169 1 1330 670 310
2799 5375 52464179 1 1350 630 312
2805 5382 52464189 1 1320 590 351
2909 5399 52464199 1 1310 570 397
3065 5424 52464209 1 1320 550 444
3256 5465 52464219 1 1330 530 468
3456 5509 52464229 1 1330 520 467
3663 5556 52464239 1 1340 500 465
3875 5598 52464249 1 1340 490 392
4047 5640 52464259 1 1340 490 155
3720 6286 52464349 0 1380 480 342
3690 6085 52464359 1 1380 480 340
3629 6099 52464369 1 1380 480 374
3602 5936 52464379 1 1390 470 441
3595 5656 52464389 1 1390 470 478
3584 5313 52464399 1 1380 470 502
3564 4899 52464409 1 1380 470 515
3533 4439 52464419 1 1380 470 520
3499 3961 52464429 1 1370 470 515
3482 3592 52464439 1 1360 480 473
3494 3295 52464449 1 1350 490 361
3525 3115 52464459 1 1340 490 70
3313 5020 52464579 0 1240 530 381
3429 5048 52464589 1 1240 530 351
3292 5037 52464599 1 1240 530 358
3156 4972 52464609 1 1240 520 368
3019 4802 52464619 1 1260 510 366
2874 4563 52464629 1 1260 510 369
2729 4288 52464639 1 1270 510 364
2587 4056 52464649 1 1280 500 282
2448 3852 52464659 1 1280 500 54
3211 5157 52464740 0 1270 500 388
3413 5255 52464750 1 1270 500 397
3431 5266 52464760 1 1280 490 440
3449 5241 52464770 1 1280 490 488
3527 5193 52464780 1 1280 490 542
3646 5139 52464790 1 1280 490 570
3769 5081 52464800 1 1290 500 567
3884 5013 52464810 1 1290 500 566
3990 4924 52464820 1 1290 500 464
4126 4821 52464830 1 1300 500 91
4996 5494 52465050 0 1330 440 361
4996 5494 52465060 1 1330 440 371
4920 5618 52465070 1 1330 430 356
4914 5597 52465080 1 1330 420 361
4954 5597 52465090 1 1330 410 361
5044 5612 52465100 1 1340 400 373
5166 5618 52465110 1 1340 410 382
5324 5638 52465120 1 1350 410 384
5494 5667 52465130 1 1350 420 358
5673 5702 52465140 1 1340 430 81
5458 6433 52465230 0 1380 480 415
5455 6280 52465240 1 1380 480 428
5414 6364 52465250 1 1390 470 448
5320 6301 52465260 1 1380 470 491
5312 6141 52465270 1 1380 470 567
5304 5861 52465280 1 1390 460 600
5284 5515 52465290 1 1390 460 627
5256 5125 52465300 1 1390 460 644
5213 4662 52465310 1 1380 470 637
5174 4236 52465320 1 1380 470 622
5142 3835 52465330 1 1370 470 572
5142 3565 52465340 1 1360 480 465
5172 3423 52465350 1 1350 490 260
5196 5076 52465461 0 1230 520 398
5196 5076 52465471 1 1230 520 400
5196 5076 52465481 1 1230 510 409
4998 5071 52465491 1 1230 510 412
4870 4929 52465501 1 1250 510 413
4701 4736 52465511 1 1250 510 420
4507 4535 52465521 1 1260 500 420
4330 4309 52465531 1 1250 500 381
4216 4067 52465541 1 1260 490 216
4809 4867 52465611 0 1260 480 274
5210 5080 52465621 1 1270 480 312
5295 5106 52465631 1 1270 480 368
5304 5106 52465641 1 1260 480 431
5371 5071 52465651 1 1260 480 465
5469 5011 52465661 1 1270 490 483
5587 4916 52465671 1 1270 490 483
5737 4804 52465681 1 1270 490 400
5871 4682 52465691 1 1280 490 99
7239 5679 52465951 0 1370 440 335
7303 5770 52465961 1 1370 440 374
7251 5824 52465971 1 1380 450 367
7251 5813 52465981 1 1380 450 393
7298 5760 52465991 1 1390 450 402
7378 5677 52466001 1 1380 460 407
7458 5598 52466011 1 1390 460 396
7525 5521 52466021 1 1390 460 242
7385 4334 52466122 0 1370 510 394
7283 3951 52466132 1 1360 510 444
7207 3887 52466142 1 1360 510 475
7159 3912 52466152 1 1360 510 495
7159 3912 52466162 1 1360 510 498
7196 3965 52466172 1 1360 510 498
7297 4054 52466182 1 1350 520 465
7441 4225 52466192 1 1350 520 407
7613 4426 52466202 1 1350 520 257
8127 5962 52466302 0 1370 510 382
8160 5831 52466312 1 1380 500 400
8106 5756 52466322 1 1380 500 420
8006 5683 52466332 1 1380 500 441
7972 5514 52466342 1 1400 510 427
7939 5305 52466352 1 1410 500 284
8220 5280 52466442 0 1400 520 267
8302 5605 52466452 1 1400 520 340
8337 5743 52466462 1 1400 520 404
8366 5844 52466472 1 1400 520 452
8434 5927 52466482 1 1400 520 512
8532 5998 52466492 1 1400 520 583
8649 6060 52466502 1 1400 520 650
8817 6110 52466512 1 1420 520 708
9015 6155 52466522 1 1420 520 753
9232 6189 52466532 1 1430 510 794
9470 6211 52466542 1 1450 510 802
9709 6204 52466552 1 1470 510 809
9914 6178 52466562 1 1490 510 815
10095 6128 52466572 1 1500 510 818
10174 6064 52466582 1 1510 510 818
10205 5992 52466592 1 1530 510 817
10205 5899 52466602 1 1550 510 817
10157 5801 52466612 1 1560 510 817
10084 5699 52466622 1 1560 510 790
9994 5606 52466632 1 1570 520 727
9883 5509 52466642 1 1560 530 617
9762 5404 52466652 1 1580 530 393
8458 4785 52466733 0 1550 550 364
8206 4624 52466743 1 1550 550 418
8144 4634 52466753 1 1530 560 496
8107 4706 52466763 1 1520 560 505
8147 4724 52466773 1 1500 550 551
8237 4768 52466783 1 1490 550 619
8430 4829 52466793 1 1490 550 670
8646 4891 52466803 1 1490 550 688
8876 4946 52466813 1 1470 550 693
9104 4989 52466823 1 1470 550 685
9305 5035 52466833 1 1470 550 603
9488 5083 52466843 1 1470 550 327
9139 7048 52466993 0 1560 480 448
9161 7029 52467003 1 1570 480 478
9125 7117 52467013 1 1560 460 489
9073 7055 52467023 1 1570 460 561
9085 6894 52467033 1 1560 450 628
9068 6624 52467043 1 1560 450 685
9032 6194 52467053 1 1570 450 733
8962 5658 52467063 1 1570 450 748
8879 5041 52467073 1 1560 440 739
8787 4374 52467083 1 1550 450 690
8763 3675 52467093 1 1560 450 608
8781 3179 52467103 1 1550 460 443
