279
3734 6429 8119064 0 1310 690 731
3780 6588 8119074 1 1310 690 740
3695 6690 8119084 1 1310 690 697
3663 6713 8119094 1 1310 690 670
3631 6684 8119104 1 1310 690 670
3569 6652 8119114 1 1370 670 678
3486 6556 8119124 1 1380 640 687
3367 6417 8119134 1 1390 610 702
3193 6224 8119144 1 1400 580 727
2983 5949 8119154 1 1380 550 759
2799 5620 8119164 1 1380 550 814
2608 5223 8119174 1 1380 550 849
2411 4838 8119184 1 1390 550 858
2292 4462 8119194 1 1390 550 866
2228 4197 8119204 1 1390 550 866
2201 4034 8119214 1 1390 550 867
2201 3940 8119224 1 1390 550 863
2201 3890 8119234 1 1390 550 858
2212 3872 8119244 1 1390 550 854
2227 3872 8119254 1 1400 540 864
2276 3897 8119264 1 1400 540 869
2346 3984 8119274 1 1400 540 875
2471 4115 8119284 1 1390 550 882
2628 4279 8119294 1 1390 550 888
2806 4437 8119304 1 1380 550 909
2962 4590 8119314 1 1380 550 911
3120 4706 8119324 1 1380 550 927
3279 4794 8119334 1 1360 560 933
3396 4864 8119344 1 1350 550 939
3487 4899 8119354 1 1350 550 936
3550 4905 8119364 1 1340 560 933
3582 4891 8119374 1 1350 550 932
3594 4839 8119384 1 1350 550 924
3555 4691 8119394 1 1350 550 930
3465 4479 8119395 1 1350 550 930
3342 4193 8119405 1 1350 550 932
3204 3906 8119415 1 1350 570 930
3063 3617 8119425 1 1350 570 938
2921 3394 8119435 1 1350 570 945
2824 3216 8119445 1 1350 570 947
2775 3109 8119455 1 1350 570 945
2757 3069 8119465 1 1350 570 944
2766 3074 8119475 1 1350 570 944
2807 3118 8119485 1 1350 570 944
2868 3268 8119495 1 1350 570 939
2981 3490 8119505 1 1350 580 918
3128 3781 8119515 1 1350 580 909
3298 4136 8119525 1 1340 580 896
3428 4533 8119535 1 1340 580 908
3524 4918 8119545 1 1320 580 896
3598 5265 8119555 1 1320 580 899
3646 5588 8119565 1 1320 580 914
3672 5779 8119575 1 1320 580 933
3682 5894 8119585 1 1320 580 941
3670 5958 8119595 1 1340 570 950
3639 5965 8119605 1 1340 570 946
3594 5927 8119615 1 1350 570 946
3518 5860 8119625 1 1360 560 940
3426 5714 8119635 1 1360 560 949
3323 5487 8119645 1 1380 550 955
3224 5206 8119655 1 1380 550 961
3126 4838 8119665 1 1390 550 974
3062 4378 8119675 1 1390 550 974
3020 3856 8119685 1 1390 550 986
3037 3340 8119695 1 1400 540 1002
3083 2938 8119705 1 1400 540 1023
3148 2611 8119715 1 1390 550 1023
3243 2466 8119725 1 1400 550 1023
3339 2398 8119735 1 1400 550 1023
3460 2382 8119745 1 1390 560 1023
3596 2438 8119755 1 1380 570 1023
3779 2609 8119765 1 1380 570 1023
3967 2857 8119775 1 1360 570 1023
4212 3247 8119785 1 1350 580 1023
4494 3698 8119795 1 1340 580 1023
4756 4190 8119805 1 1340 580 967
4973 4730 8119815 1 1320 590 965
5161 5247 8119825 1 1310 600 968
5360 5748 8119835 1 1310 600 976
5517 6081 8119845 1 1310 600 977
5646 6321 8119855 1 1310 600 979
5759 6499 8119865 1 1320 600 982
5822 6601 8119875 1 1340 600 991
5851 6632 8119885 1 1340 600 978
5843 6616 8119895 1 1350 590 979
5783 6544 8119905 1 1360 580 999
5687 6336 8119915 1 1380 590 1023
5573 6038 8119925 1 1390 580 1023
5482 5559 8119935 1 1390 580 1023
5406 4931 8119945 1 1390 580 1023
5369 4203 8119955 1 1400 580 1023
5359 3582 8119965 1 1400 580 1023
5367 3191 8119975 1 1400 580 1023
5367 2954 8119985 1 1400 580 1023
5367 2833 8119995 1 1390 580 1023
5381 2791 8120005 1 1380 590 1023
5408 2802 8120015 1 1360 600 1023
5455 2903 8120025 1 1350 600 1023
5507 3132 8120035 1 1340 610 1023
5559 3446 8120045 1 1320 610 1023
5609 3891 8120055 1 1320 610 1011
5654 4450 8120065 1 1290 610 982
5743 5086 8120075 1 1270 620 991
5860 5660 8120085 1 1270 620 988
6017 6091 8120095 1 1260 620 1015
6234 6427 8120105 1 1260 620 1023
6492 6701 8120115 1 1260 620 1023
6735 6879 8120125 1 1290 630 1023
6937 6992 8120135 1 1290 630 1023
7112 6977 8120145 1 1300 620 1023
7234 6858 8120155 1 1330 620 1023
7312 6671 8120165 1 1350 620 1023
7360 6384 8120175 1 1380 610 1023
7338 6129 8120185 1 1390 610 1023
7274 5895 8120195 1 1410 600 1023
7182 5721 8120205 1 1420 610 1023
7066 5602 8120215 1 1420 610 1023
6926 5520 8120225 1 1450 600 1023
6770 5476 8120235 1 1450 600 1023
6606 5507 8120245 1 1450 600 1023
6484 5589 8120255 1 1450 600 1023
6389 5725 8120265 1 1450 600 1023
6367 5856 8120275 1 1450 600 1023
6399 5962 8120285 1 1450 600 1023
6467 6054 8120295 1 1450 600 1023
6594 6134 8120305 1 1450 600 1023
6740 6168 8120315 1 1450 600 1023
6898 6168 8120325 1 1440 600 1023
7048 6128 8120335 1 1440 600 1023
7178 6066 8120345 1 1440 600 1023
7294 5991 8120355 1 1440 600 1023
7369 5894 8120365 1 1440 600 1023
7405 5771 8120375 1 1440 600 1023
7415 5632 8120385 1 1450 600 1023
7355 5418 8120395 1 1450 600 1023
7239 5152 8120405 1 1450 600 1023
7085 4851 8120415 1 1450 600 1023
6930 4604 8120425 1 1450 600 1023
6833 4447 8120435 1 1460 620 1023
6774 4351 8120445 1 1460 620 1023
6760 4322 8120455 1 1460 620 1023
6768 4344 8120465 1 1440 620 1023
6790 4400 8120475 1 1430 630 1023
6864 4555 8120485 1 1430 630 1023
6970 4758 8120495 1 1410 640 1023
7096 4993 8120505 1 1410 640 1023
7238 5177 8120515 1 1400 650 1023
7370 5274 8120525 1 1400 650 1023
7446 5314 8120535 1 1400 650 1023
7487 5276 8120545 1 1400 650 1023
7496 5070 8120555 1 1400 650 1023
7453 4752 8120565 1 1400 650 1023
7376 4352 8120575 1 1400 650 1023
7261 3903 8120585 1 1380 650 1023
7149 3421 8120595 1 1380 650 1023
7081 3117 8120605 1 1400 660 1023
7042 2929 8120615 1 1390 670 1023
7036 2819 8120625 1 1390 670 1023
7045 2819 8120635 1 1400 670 1023
7065 2934 8120645 1 1390 680 1023
7125 3128 8120655 1 1410 680 1023
7187 3451 8120665 1 1410 680 1023
7255 3887 8120675 1 1410 680 1023
7323 4398 8120685 1 1390 690 1023
7391 4960 8120695 1 1370 690 1023
7459 5482 8120705 1 1370 690 1023
7542 5977 8120715 1 1370 690 1023
7634 6239 8120725 1 1370 690 1023
7715 6436 8120735 1 1370 690 1023
7766 6589 8120745 1 1390 680 1023
7796 6640 8120755 1 1390 680 1023
7777 6635 8120765 1 1390 670 1023
7727 6592 8120775 1 1400 660 1023
7655 6431 8120785 1 1400 660 1023
7582 6099 8120795 1 1400 650 1023
7532 5652 8120805 1 1400 650 1023
7496 4963 8120815 1 1400 650 1023
7472 4166 8120825 1 1400 630 1023
7443 3297 8120835 1 1400 630 1023
7411 2669 8120845 1 1410 640 1023
7400 2297 8120855 1 1410 640 1023
7400 2097 8120865 1 1400 650 1023
7420 1973 8120875 1 1380 650 1023
7443 1967 8120885 1 1370 660 1023
7491 2041 8120895 1 1330 670 1023
7555 2241 8120905 1 1310 680 1023
7634 2534 8120915 1 1270 690 1023
7749 2888 8120925 1 1250 700 1023
7889 3425 8120935 1 1220 700 1023
8051 4080 8120945 1 1200 710 1023
8261 4813 8120955 1 1170 710 1023
8503 5601 8120965 1 1150 710 1023
8780 6340 8120975 1 1120 720 1023
9090 6920 8120985 1 1090 720 1023
9423 7409 8120995 1 1090 720 1023
9692 7773 8121005 1 1090 720 1023
9897 8009 8121015 1 1130 730 1023
10058 8159 8121025 1 1160 720 1023
10128 8233 8121035 1 1220 710 1023
10148 8255 8121037 1 1280 710 1023
10148 8255 8121047 1 1310 710 1023
10148 8255 8121057 1 1350 710 1023
9964 8019 8121067 1 1390 690 1023
9796 7770 8121077 1 1450 680 1023
9616 7398 8121087 1 1460 670 1023
9412 6865 8121097 1 1500 670 1023
9191 6225 8121107 1 1510 660 1023
8978 5451 8121117 1 1510 660 1023
8762 4758 8121127 1 1540 660 1023
8615 4119 8121137 1 1550 650 1023
8515 3663 8121147 1 1550 650 1023
8432 3416 8121157 1 1540 660 1023
8418 3308 8121167 1 1530 670 1023
8451 3286 8121177 1 1520 680 1023
8531 3372 8121187 1 1510 680 1023
8673 3531 8121197 1 1480 700 1023
8855 3839 8121207 1 1430 700 1023
9097 4240 8121217 1 1420 710 1023
9338 4704 8121227 1 1370 730 1023
9577 5221 8121237 1 1350 730 1023
9811 5737 8121247 1 1300 730 1023
10018 6108 8121257 1 1270 740 1023
10208 6383 8121267 1 1270 740 1023
10319 6543 8121277 1 1240 740 1023
10364 6621 8121287 1 1240 740 1023
10364 6645 8121297 1 1240 740 1023
10325 6653 8121307 1 1270 740 1023
10325 6653 8121317 1 1300 730 1023
10162 6658 8121327 1 1320 740 1023
10065 6658 8121337 1 1350 730 1023
9969 6669 8121347 1 1370 730 1023
9873 6687 8121357 1 1400 720 1023
9804 6701 8121367 1 1420 710 1023
9752 6712 8121377 1 1430 700 1023
9714 6712 8121387 1 1450 700 1023
9688 6712 8121397 1 1470 690 1023
9669 6658 8121407 1 1470 690 1023
9657 6574 8121417 1 1470 690 1023
9650 6303 8121427 1 1480 680 1023
9645 5839 8121437 1 1480 680 1023
9637 5247 8121447 1 1480 680 1023
9620 4553 8121457 1 1480 680 1023
9596 3991 8121467 1 1470 690 1023
9534 3518 8121477 1 1450 700 1023
9475 3206 8121487 1 1430 700 1023
9421 2999 8121497 1 1400 720 1023
9368 2862 8121507 1 1370 730 1023
9320 2840 8121517 1 1350 730 1023
9253 2896 8121527 1 1350 750 1023
9173 3003 8121537 1 1320 750 1023
9064 3204 8121547 1 1290 760 1023
8939 3434 8121557 1 1290 760 1023
8804 3684 8121558 1 1260 770 1023
8748 3791 8121568 1 1220 770 1023
8722 3771 8121578 1 1140 780 1023
8717 3667 8121588 1 1050 790 1023
8725 3460 8121598 1 1040 780 1023
8756 3272 8121608 1 990 780 1023
8801 3097 8121618 1 990 780 1023
8852 3009 8121628 1 990 770 1023
8935 2981 8121638 1 990 770 1023
9040 2993 8121648 1 990 770 1023
9157 3088 8121658 1 990 770 1023
9301 3271 8121668 1 990 770 1023
9462 3514 8121678 1 990 770 1023
9616 3829 8121688 1 990 770 1023
9760 4142 8121698 1 990 770 1023
9896 4345 8121708 1 980 760 1023
10025 4475 8121718 1 1030 770 1023
10122 4456 8121728 1 1030 770 1023
10197 4278 8121738 1 1030 770 1023
10250 3995 8121748 1 1040 780 1023
10267 3691 8121758 1 1040 780 1023
10261 3463 8121768 1 1000 790 1023
10232 3286 8121778 1 1000 790 1023
10169 3172 8121788 1 1010 800 1023
10083 3125 8121798 1 1010 800 1023
9963 3125 8121808 1 1010 800 839
9801 3188 8121818 1 1010 800 29
