178
2194 5667 8899156 0 1350 800 13
2104 5723 8899166 1 1350 800 71
2029 5750 8899176 1 1350 800 132
1960 5776 8899186 1 1350 790 190
1912 5798 8899196 1 1320 770 247
1878 5819 8899206 1 1350 750 257
1862 5841 8899216 1 1330 730 262
1868 5884 8899226 1 1330 710 279
1889 5942 8899236 1 1330 690 274
1942 6015 8899246 1 1330 670 287
2056 6127 8899256 1 1330 650 287
2210 6264 8899266 1 1330 630 289
2340 6383 8899276 1 1340 610 287
2464 6469 8899286 1 1340 600 294
2583 6533 8899296 1 1340 580 302
2691 6560 8899306 1 1340 560 304
2770 6551 8899316 1 1340 550 312
2830 6517 8899326 1 1330 530 310
2865 6444 8899336 1 1340 520 320
2860 6321 8899346 1 1340 510 320
2827 6166 8899356 1 1340 510 324
2755 5990 8899366 1 1350 510 337
2647 5807 8899376 1 1340 510 367
2514 5619 8899386 1 1340 510 417
2397 5438 8899396 1 1340 510 448
2284 5253 8899406 1 1340 510 470
2211 5140 8899416 1 1330 510 478
2163 5076 8899426 1 1330 510 470
2163 5076 8899436 1 1330 510 477
2219 5106 8899446 1 1320 510 478
2304 5149 8899456 1 1320 510 481
2423 5222 8899466 1 1320 510 478
2546 5295 8899476 1 1300 510 478
2679 5337 8899486 1 1300 510 477
2782 5359 8899496 1 1300 510 475
2864 5339 8899506 1 1300 510 470
2922 5286 8899516 1 1290 510 472
2943 5210 8899526 1 1290 510 467
2943 5092 8899536 1 1290 510 472
2887 4936 8899546 1 1290 510 475
2804 4754 8899556 1 1280 520 483
2700 4583 8899566 1 1280 520 491
2579 4411 8899576 1 1280 520 521
2491 4266 8899586 1 1270 520 537
2424 4140 8899596 1 1270 520 533
2406 4099 8899606 1 1270 520 512
2433 4099 8899616 1 1250 530 515
2490 4137 8899626 1 1250 530 512
2620 4230 8899636 1 1250 530 512
2765 4321 8899646 1 1250 530 515
2920 4411 8899656 1 1240 530 521
3071 4425 8899666 1 1240 530 522
3221 4344 8899676 1 1240 530 535
3303 4201 8899686 1 1240 530 535
3340 3983 8899696 1 1220 530 538
3311 3738 8899706 1 1220 530 544
3230 3474 8899716 1 1220 530 546
3115 3193 8899726 1 1210 530 541
2993 2952 8899736 1 1210 530 520
2882 2738 8899746 1 1190 530 327
3136 4902 8899877 0 1180 530 245
3393 5159 8899887 1 1200 520 312
3513 5307 8899897 1 1210 520 325
3638 5445 8899907 1 1220 510 334
3780 5577 8899917 1 1230 510 382
3904 5683 8899927 1 1250 510 396
4016 5775 8899937 1 1260 500 394
4120 5843 8899947 1 1260 490 407
4201 5887 8899957 1 1270 490 407
4267 5915 8899967 1 1280 480 396
4299 5915 8899977 1 1280 480 399
4304 5864 8899987 1 1300 480 396
4291 5789 8899997 1 1300 480 361
4222 5653 8900007 1 1320 480 334
4111 5445 8900017 1 1320 480 309
3972 5190 8900027 1 1320 480 312
3851 4933 8900037 1 1320 480 319
3735 4702 8900047 1 1320 480 363
3666 4489 8900057 1 1320 480 396
3627 4371 8900067 1 1310 480 412
3658 4299 8900077 1 1310 480 420
3726 4257 8900087 1 1310 480 433
3818 4239 8900097 1 1290 490 439
3911 4284 8900107 1 1290 490 455
4034 4371 8900117 1 1280 490 469
4178 4513 8900127 1 1280 490 473
4330 4682 8900137 1 1280 490 465
4477 4868 8900147 1 1280 490 474
4621 5095 8900157 1 1290 500 474
4765 5353 8900167 1 1290 500 460
4877 5632 8900177 1 1290 500 448
4962 5885 8900187 1 1290 500 418
5028 6109 8900197 1 1300 510 397
5056 6314 8900207 1 1300 510 389
5042 6477 8900217 1 1320 500 394
4999 6586 8900227 1 1320 500 387
4936 6660 8900237 1 1330 500 396
4833 6643 8900247 1 1330 500 398
4704 6536 8900257 1 1340 490 405
4573 6369 8900267 1 1340 490 441
4453 6146 8900277 1 1350 490 473
4370 5872 8900287 1 1360 480 492
4307 5565 8900297 1 1360 480 512
4278 5175 8900307 1 1360 480 533
4278 4793 8900317 1 1360 480 545
4300 4417 8900327 1 1350 470 557
4366 4153 8900337 1 1340 480 570
4458 4000 8900347 1 1340 480 592
4567 3922 8900357 1 1320 480 591
4695 3901 8900367 1 1310 480 605
4812 3939 8900377 1 1290 490 620
4922 4016 8900387 1 1290 490 589
5012 4162 8900397 1 1280 490 572
5073 4363 8900407 1 1270 500 540
5115 4602 8900417 1 1270 500 492
5115 4834 8900427 1 1270 510 486
5076 5058 8900437 1 1260 510 464
5012 5188 8900447 1 1260 510 467
4922 5257 8900457 1 1260 510 472
4823 5234 8900467 1 1270 520 512
4719 5184 8900477 1 1270 520 535
4680 5117 8900487 1 1270 520 557
4718 5034 8900497 1 1270 520 586
4807 4904 8900507 1 1280 520 594
4946 4743 8900517 1 1280 520 616
5130 4616 8900527 1 1280 520 614
5345 4542 8900537 1 1290 510 627
5554 4503 8900547 1 1290 510 639
5748 4503 8900557 1 1300 520 641
5933 4515 8900567 1 1300 520 636
6078 4537 8900577 1 1290 520 548
6223 4576 8900587 1 1300 530 371
6525 5758 8900758 0 1340 500 68
6711 5869 8900768 1 1350 510 168
6837 5926 8900778 1 1350 510 259
6963 5982 8900788 1 1360 500 344
7089 6038 8900798 1 1370 510 398
7246 6102 8900808 1 1370 510 414
7419 6172 8900818 1 1370 510 440
7603 6239 8900828 1 1380 510 439
7758 6304 8900838 1 1380 510 440
7875 6334 8900848 1 1400 520 448
7967 6341 8900858 1 1410 520 433
7994 6315 8900868 1 1420 530 417
7956 6245 8900878 1 1420 530 413
7875 6146 8900888 1 1430 530 391
7726 6005 8900898 1 1450 530 389
7564 5852 8900908 1 1430 530 417
7393 5692 8900918 1 1430 530 478
7266 5578 8900928 1 1430 530 498
7211 5506 8900938 1 1430 530 494
7205 5461 8900948 1 1430 530 510
7224 5436 8900958 1 1420 540 539
7276 5424 8900968 1 1420 540 567
7351 5424 8900978 1 1420 540 600
7448 5429 8900988 1 1410 550 619
7557 5456 8900998 1 1410 550 641
7675 5496 8901008 1 1410 550 645
7804 5538 8901018 1 1400 550 640
7931 5577 8901028 1 1400 550 646
8053 5610 8901038 1 1400 550 649
8148 5635 8901048 1 1390 560 640
8230 5626 8901058 1 1390 560 639
8251 5595 8901068 1 1390 560 619
8192 5520 8901078 1 1390 560 594
8080 5372 8901088 1 1390 560 574
7891 5176 8901098 1 1400 560 575
7659 4956 8901108 1 1390 570 636
7397 4739 8901118 1 1390 570 713
7184 4524 8901128 1 1380 580 760
7094 4346 8901138 1 1360 570 793
7086 4259 8901148 1 1350 580 858
7209 4232 8901158 1 1350 580 896
7445 4270 8901168 1 1350 580 896
7755 4363 8901178 1 1340 580 896
8133 4494 8901188 1 1340 580 892
8561 4626 8901198 1 1320 590 857
9022 4768 8901208 1 1340 600 720
