147
1604 7182 75815186 0 1290 700 393
1612 7251 75815196 1 1310 680 418
1584 7277 75815206 1 1320 650 420
1584 7228 75815216 1 1330 620 415
1579 7129 75815226 1 1320 600 425
1590 6941 75815236 1 1320 590 449
1609 6664 75815246 1 1320 580 480
1629 6327 75815256 1 1320 570 518
1646 5856 75815266 1 1310 550 564
1660 5320 75815276 1 1310 540 616
1674 4740 75815286 1 1310 540 671
1674 4221 75815296 1 1300 540 691
1674 3778 75815306 1 1290 550 720
1674 3387 75815316 1 1260 560 752
1682 3106 75815326 1 1240 570 760
1692 2937 75815336 1 1210 580 760
1702 2844 75815346 1 1180 590 755
1712 2844 75815356 1 1180 600 754
1721 2921 75815366 1 1140 610 739
1721 3048 75815376 1 1120 620 725
1712 3282 75815386 1 1100 630 690
1699 3592 75815396 1 1060 630 684
1689 3954 75815406 1 1040 630 675
1683 4393 75815416 1 1020 630 663
1683 4831 75815426 1 1000 640 661
1710 5264 75815436 1 1000 640 638
1746 5655 75815446 1 1000 640 614
1811 6019 75815456 1 1000 640 595
1905 6295 75815466 1 1020 630 567
2017 6545 75815476 1 1040 630 560
2153 6778 75815486 1 1080 630 565
2286 6917 75815496 1 1120 620 567
2417 6979 75815506 1 1140 620 557
2546 6990 75815516 1 1160 600 562
2659 6904 75815526 1 1190 600 569
2761 6744 75815536 1 1210 590 592
2837 6536 75815546 1 1240 580 627
2886 6286 75815556 1 1260 580 661
2916 6035 75815566 1 1270 570 678
2921 5783 75815576 1 1280 570 696
2897 5554 75815586 1 1270 560 690
2854 5324 75815596 1 1290 560 690
2784 5097 75815606 1 1290 560 690
2683 4916 75815616 1 1290 560 702
2560 4764 75815626 1 1270 560 690
2433 4693 75815636 1 1270 560 691
2309 4686 75815646 1 1260 570 693
2176 4723 75815656 1 1260 570 697
2036 4813 75815666 1 1240 570 707
1925 4906 75815676 1 1230 580 711
1864 5002 75815686 1 1200 570 716
1837 5054 75815696 1 1200 570 710
1837 5076 75815706 1 1200 570 714
1881 5076 75815716 1 1190 580 719
1944 5045 75815726 1 1190 580 722
2069 4937 75815736 1 1190 580 727
2235 4778 75815746 1 1190 580 722
2429 4594 75815756 1 1190 580 725
2655 4376 75815766 1 1190 580 724
2881 4135 75815776 1 1190 580 736
3121 3968 75815786 1 1190 580 749
3371 3858 75815796 1 1190 580 754
3613 3785 75815806 1 1190 580 749
3844 3779 75815816 1 1190 580 758
4067 3842 75815826 1 1190 580 752
4286 3952 75815836 1 1160 570 746
4475 4101 75815846 1 1160 570 742
4643 4269 75815856 1 1160 570 734
4799 4449 75815866 1 1150 580 733
4903 4583 75815876 1 1150 580 728
4973 4662 75815886 1 1140 570 724
5006 4704 75815896 1 1140 570 721
5006 4704 75815906 1 1140 570 727
4991 4631 75815916 1 1140 570 733
4969 4513 75815926 1 1140 570 740
4950 4344 75815936 1 1140 570 763
4961 4156 75815946 1 1140 570 779
4992 3956 75815956 1 1160 560 794
5066 3782 75815966 1 1160 560 794
5187 3657 75815976 1 1160 560 784
5338 3566 75815986 1 1160 560 783
5498 3549 75815996 1 1160 560 794
5660 3597 75816006 1 1160 560 793
5825 3689 75816016 1 1160 560 791
5935 3848 75816026 1 1160 560 793
6008 4025 75816036 1 1160 560 780
6033 4213 75816046 1 1160 560 763
6006 4439 75816056 1 1160 570 763
5943 4628 75816066 1 1160 570 760
5862 4792 75816076 1 1160 570 760
5750 4877 75816086 1 1160 570 754
5617 4908 75816096 1 1160 570 771
5513 4908 75816106 1 1180 570 785
5468 4894 75816116 1 1180 570 784
5463 4868 75816126 1 1170 560 784
5506 4832 75816136 1 1170 560 802
5626 4767 75816146 1 1170 560 812
5796 4734 75816156 1 1180 560 820
6001 4723 75816166 1 1190 560 817
6256 4755 75816176 1 1210 560 808
6543 4852 75816186 1 1210 560 793
6846 4993 75816196 1 1210 560 763
7113 5175 75816206 1 1210 560 727
7357 5381 75816216 1 1210 560 667
7558 5604 75816226 1 1220 570 628
7694 5810 75816236 1 1220 570 584
7786 6001 75816246 1 1220 570 564
7812 6182 75816256 1 1220 570 569
7782 6250 75816266 1 1230 580 581
7715 6262 75816276 1 1230 580 594
7629 6238 75816286 1 1240 570 636
7536 6091 75816296 1 1240 570 679
7437 5851 75816306 1 1240 570 727
7354 5548 75816316 1 1260 570 785
7294 5208 75816326 1 1260 570 825
7250 4864 75816336 1 1270 570 858
7230 4517 75816346 1 1280 570 854
7245 4210 75816356 1 1280 570 854
7283 3967 75816366 1 1280 570 867
7379 3768 75816376 1 1260 570 855
7507 3693 75816386 1 1260 570 836
7655 3718 75816396 1 1260 570 832
7835 3809 75816406 1 1240 570 820
8026 3958 75816416 1 1240 570 829
8224 4105 75816426 1 1240 580 830
8462 4163 75816436 1 1240 580 819
8688 4163 75816446 1 1230 590 824
8907 4127 75816456 1 1210 590 828
9118 4031 75816466 1 1210 590 824
9367 3895 75816476 1 1190 600 782
9642 3832 75816486 1 1200 600 664
9972 3827 75816488 1 1200 600 614
10268 3860 75816498 1 1200 600 609
10540 3937 75816508 1 1220 610 639
10751 4011 75816518 1 1220 610 693
10919 4050 75816528 1 1230 610 754
11058 4067 75816538 1 1230 610 790
11175 4025 75816548 1 1240 620 793
11295 3973 75816558 1 1240 620 725
11424 3914 75816568 1 1240 620 46
10178 4602 75816678 0 1240 600 808
9862 4561 75816688 1 1250 590 788
9778 4570 75816698 1 1250 590 790
9727 4553 75816708 1 1270 590 581
7827 4760 75816828 0 1270 570 757
7613 4578 75816838 1 1260 580 728
7560 4540 75816848 1 1230 580 616
