177
1793 5562 8714681 0 1230 530 369
1811 5545 8714691 1 1230 520 394
1755 5592 8714701 1 1230 510 384
1741 5608 8714711 1 1240 500 359
1756 5603 8714721 1 1250 510 359
1769 5616 8714731 1 1260 510 364
1798 5646 8714741 1 1260 510 381
1837 5687 8714751 1 1250 530 402
1903 5742 8714761 1 1250 530 418
2001 5815 8714771 1 1270 530 438
2119 5899 8714781 1 1270 530 448
2243 5970 8714791 1 1270 530 452
2363 6018 8714801 1 1280 540 473
2480 6051 8714811 1 1290 530 486
2600 6065 8714821 1 1300 540 495
2716 6072 8714831 1 1300 540 491
2803 6072 8714841 1 1310 540 496
2870 6056 8714851 1 1310 540 497
2916 6029 8714861 1 1330 530 497
2933 5991 8714871 1 1330 530 510
2933 5913 8714881 1 1340 520 509
2883 5791 8714891 1 1340 520 515
2798 5639 8714901 1 1340 520 515
2689 5476 8714911 1 1350 520 541
2559 5301 8714921 1 1350 520 589
2437 5119 8714931 1 1350 520 589
2319 4962 8714941 1 1340 510 594
2240 4843 8714951 1 1330 520 605
2182 4749 8714961 1 1330 520 616
2138 4714 8714971 1 1310 520 611
2138 4708 8714981 1 1300 530 613
2157 4722 8714991 1 1290 530 606
2189 4751 8715001 1 1290 530 605
2254 4813 8715011 1 1280 540 603
2352 4896 8715021 1 1280 540 599
2473 4981 8715031 1 1260 540 588
2586 5036 8715041 1 1260 540 594
2675 5071 8715051 1 1260 540 591
2747 5071 8715061 1 1260 540 580
2775 5035 8715071 1 1280 540 578
2757 4970 8715081 1 1280 540 574
2707 4834 8715091 1 1280 540 574
2598 4678 8715101 1 1280 540 586
2493 4508 8715111 1 1280 540 591
2390 4343 8715121 1 1280 540 599
2312 4186 8715131 1 1280 540 605
2260 4080 8715141 1 1280 540 602
2226 4005 8715151 1 1280 540 591
2234 3984 8715161 1 1280 540 561
2287 4000 8715171 1 1280 540 491
2371 4041 8715181 1 1280 540 425
2502 4113 8715191 1 1280 540 425
2650 4175 8715201 1 1280 540 431
2810 4230 8715211 1 1260 540 465
2932 4190 8715221 1 1260 540 499
3014 4061 8715231 1 1260 540 556
3069 3874 8715241 1 1260 540 608
3060 3614 8715251 1 1250 550 606
3017 3358 8715261 1 1250 550 611
2951 3104 8715271 1 1250 550 611
2857 2862 8715281 1 1240 550 586
2756 2673 8715291 1 1240 550 554
2650 2520 8715301 1 1240 550 445
2570 2496 8715311 1 1220 560 149
2923 4562 8715392 0 1200 550 249
3275 4965 8715402 1 1200 550 259
3435 5134 8715412 1 1210 550 256
3584 5311 8715422 1 1210 550 244
3761 5467 8715432 1 1230 550 249
3910 5609 8715442 1 1240 540 260
4039 5716 8715452 1 1230 530 279
4154 5782 8715462 1 1240 530 287
4224 5821 8715472 1 1250 530 285
4263 5808 8715482 1 1240 520 259
4247 5721 8715492 1 1260 510 218
4173 5585 8715502 1 1260 510 172
4060 5362 8715512 1 1260 510 165
3926 5087 8715522 1 1270 510 185
3785 4777 8715532 1 1270 510 281
3639 4486 8715542 1 1260 510 386
3523 4250 8715552 1 1260 510 415
3468 4051 8715562 1 1260 510 417
3453 3904 8715572 1 1240 520 420
3453 3816 8715582 1 1240 520 430
3490 3768 8715592 1 1230 520 450
3542 3785 8715602 1 1230 520 466
3637 3884 8715612 1 1230 520 468
3750 4039 8715622 1 1220 530 464
3874 4247 8715632 1 1220 530 474
4004 4491 8715642 1 1220 530 474
4138 4758 8715652 1 1220 530 468
4263 5042 8715662 1 1220 530 455
4380 5337 8715672 1 1220 530 441
4477 5640 8715682 1 1220 530 422
4540 5906 8715692 1 1230 530 413
4579 6123 8715702 1 1240 530 412
4579 6307 8715712 1 1240 530 417
4530 6407 8715722 1 1250 530 436
4457 6427 8715732 1 1260 510 449
4350 6394 8715742 1 1270 510 448
4215 6270 8715752 1 1270 510 468
4060 6029 8715762 1 1280 500 489
3919 5711 8715772 1 1280 500 546
3808 5326 8715782 1 1280 500 584
3717 4867 8715792 1 1290 500 610
3640 4359 8715802 1 1290 500 634
3614 3852 8715812 1 1290 500 643
3622 3470 8715822 1 1280 500 658
3679 3172 8715832 1 1290 510 673
3769 3000 8715842 1 1290 510 682
3881 2943 8715852 1 1280 520 690
4047 2963 8715862 1 1270 520 699
4225 3064 8715872 1 1250 530 696
4411 3234 8715882 1 1230 530 697
4573 3451 8715892 1 1220 540 670
4708 3677 8715902 1 1200 540 613
4825 3942 8715912 1 1190 540 550
4873 4232 8715922 1 1190 540 467
4862 4455 8715932 1 1170 550 442
4812 4578 8715942 1 1170 550 439
4673 4635 8715952 1 1170 550 460
4503 4602 8715962 1 1170 550 488
4311 4516 8715972 1 1170 550 548
4122 4395 8715982 1 1170 550 636
4030 4264 8715992 1 1170 540 646
4002 4195 8716002 1 1180 540 662
4105 4168 8716012 1 1180 540 667
4300 4092 8716022 1 1190 530 670
4557 3989 8716032 1 1190 530 675
4860 3868 8716042 1 1190 530 676
5138 3695 8716053 1 1220 540 688
5398 3576 8716063 1 1220 540 663
5660 3493 8716073 1 1220 540 600
5895 3456 8716083 1 1200 540 441
6437 5187 8716243 0 1240 600 337
6404 5290 8716253 1 1240 580 255
6346 5353 8716263 1 1260 580 193
6374 5395 8716283 1 1270 570 198
6443 5442 8716293 1 1270 560 251
6538 5499 8716303 1 1270 560 335
6679 5569 8716313 1 1270 560 425
6859 5649 8716323 1 1290 560 469
7065 5737 8716333 1 1290 560 486
7271 5823 8716343 1 1290 560 498
7458 5902 8716353 1 1290 560 489
7632 5940 8716363 1 1310 560 467
7750 5954 8716373 1 1310 560 404
7797 5918 8716383 1 1320 550 242
7381 5276 8716423 0 1350 570 314
7095 4880 8716433 1 1350 570 440
7030 4798 8716443 1 1360 570 469
7016 4779 8716453 1 1360 570 499
7027 4764 8716463 1 1360 570 584
7054 4764 8716473 1 1360 570 625
7115 4764 8716483 1 1360 570 653
7223 4814 8716493 1 1360 570 669
7361 4891 8716503 1 1350 580 702
7527 4987 8716513 1 1350 580 710
7725 5094 8716523 1 1350 580 708
7944 5201 8716533 1 1340 580 711
8134 5262 8716543 1 1340 580 697
8294 5294 8716553 1 1340 580 638
8435 5266 8716563 1 1340 580 537
8478 5166 8716573 1 1350 590 458
8412 5019 8716583 1 1350 590 420
8273 4778 8716593 1 1340 600 449
8056 4493 8716603 1 1340 600 591
7792 4179 8716613 1 1340 600 754
7497 3838 8716623 1 1340 600 843
7262 3562 8716633 1 1350 600 872
7170 3330 8716643 1 1340 610 908
7170 3242 8716653 1 1340 610 937
7305 3257 8716663 1 1340 610 956
7597 3342 8716673 1 1320 610 946
7996 3544 8716683 1 1320 610 918
8501 3814 8716693 1 1300 620 812
9068 4129 8716703 1 1300 620 561
