152
1363 7586 75819813 0 1290 610 314
1371 7417 75819823 1 1290 600 339
1360 7322 75819833 1 1300 580 334
1372 7120 75819843 1 1300 550 396
1398 6848 75819853 1 1300 540 474
1417 6540 75819863 1 1290 520 516
1428 6098 75819873 1 1280 520 565
1433 5567 75819883 1 1280 520 585
1433 5006 75819893 1 1250 530 627
1428 4476 75819903 1 1230 520 667
1416 3966 75819913 1 1220 530 679
1422 3587 75819923 1 1190 530 702
1442 3343 75819933 1 1170 550 700
1470 3190 75819943 1 1150 550 690
1484 3105 75819953 1 1120 560 696
1484 3095 75819963 1 1090 570 694
1484 3136 75819973 1 1060 570 693
1444 3266 75819983 1 1040 570 694
1401 3480 75819993 1 1010 580 691
1353 3751 75820003 1 1000 580 687
1316 4142 75820013 1 980 580 678
1311 4596 75820023 1 950 580 670
1327 5092 75820033 1 950 580 650
1389 5636 75820043 1 930 590 634
1506 6130 75820053 1 930 590 586
1660 6591 75820063 1 950 590 539
1811 6964 75820073 1 990 600 526
1967 7245 75820083 1 1000 600 529
2134 7464 75820093 1 1050 590 530
2307 7616 75820103 1 1070 590 535
2463 7661 75820113 1 1100 580 533
2621 7636 75820123 1 1140 590 545
2757 7502 75820133 1 1160 580 575
2877 7280 75820143 1 1190 580 617
2971 7000 75820153 1 1210 580 644
3034 6672 75820163 1 1230 580 697
3075 6354 75820173 1 1240 570 719
3075 6044 75820183 1 1280 570 725
3025 5722 75820193 1 1280 570 740
2949 5441 75820203 1 1280 570 751
2844 5187 75820213 1 1280 570 752
2709 4985 75820223 1 1280 570 746
2555 4851 75820233 1 1270 570 751
2390 4762 75820243 1 1270 570 754
2226 4762 75820253 1 1260 580 748
2066 4817 75820263 1 1240 580 749
1908 4913 75820273 1 1230 590 754
1816 4996 75820283 1 1210 590 758
1765 5077 75820293 1 1210 590 758
1742 5121 75820303 1 1190 600 752
1742 5143 75820313 1 1180 600 752
1781 5148 75820323 1 1180 600 754
1843 5100 75820333 1 1180 600 760
1973 5018 75820343 1 1180 600 763
2141 4869 75820353 1 1180 600 763
2334 4683 75820363 1 1180 600 757
2546 4472 75820373 1 1180 600 756
2768 4275 75820383 1 1180 600 767
2997 4107 75820393 1 1180 600 767
3232 3958 75820403 1 1170 590 767
3455 3865 75820413 1 1150 600 757
3670 3835 75820423 1 1150 600 763
3870 3846 75820433 1 1150 600 758
4045 3920 75820443 1 1130 600 754
4204 4034 75820453 1 1130 600 752
4325 4176 75820463 1 1130 590 752
4411 4329 75820473 1 1110 590 751
4474 4425 75820483 1 1100 580 749
4507 4483 75820493 1 1100 580 746
4518 4483 75820503 1 1090 570 748
4513 4445 75820513 1 1090 570 749
4513 4374 75820523 1 1090 570 752
4513 4232 75820533 1 1090 570 760
4523 4064 75820543 1 1090 570 756
4562 3879 75820553 1 1090 570 762
4618 3689 75820563 1 1090 570 770
4706 3547 75820573 1 1090 570 771
4817 3437 75820583 1 1080 560 774
4943 3375 75820593 1 1080 560 774
5077 3375 75820603 1 1080 560 779
5222 3424 75820613 1 1090 570 771
5373 3533 75820623 1 1090 570 771
5495 3697 75820633 1 1090 570 767
5584 3899 75820643 1 1090 570 762
5652 4128 75820653 1 1090 570 763
5673 4354 75820663 1 1090 570 755
5651 4579 75820673 1 1090 570 758
5601 4698 75820683 1 1090 570 755
5504 4767 75820693 1 1090 570 760
5396 4802 75820703 1 1090 570 756
5281 4790 75820713 1 1090 570 768
5203 4771 75820723 1 1110 570 768
5186 4747 75820733 1 1110 570 780
5209 4695 75820743 1 1110 570 794
5299 4629 75820753 1 1110 570 787
5452 4553 75820763 1 1130 570 787
5646 4511 75820773 1 1130 570 790
5914 4520 75820783 1 1130 570 793
6185 4564 75820793 1 1130 570 788
6509 4662 75820803 1 1150 580 796
6866 4802 75820813 1 1150 580 777
7152 4970 75820823 1 1150 580 734
7443 5152 75820833 1 1140 590 662
7690 5358 75820843 1 1140 590 602
7906 5581 75820853 1 1150 600 556
8040 5808 75820863 1 1150 600 533
8118 6042 75820873 1 1160 600 526
8158 6280 75820883 1 1160 600 537
8133 6445 75820893 1 1170 610 556
8056 6497 75820903 1 1170 610 594
7945 6473 75820913 1 1200 620 649
7793 6331 75820923 1 1200 620 691
7645 6144 75820933 1 1220 610 743
7529 5927 75820943 1 1220 610 782
7431 5619 75820953 1 1240 620 830
7359 5292 75820963 1 1240 620 869
7314 4952 75820973 1 1240 620 878
7286 4619 75820983 1 1240 620 894
7293 4340 75820993 1 1230 610 894
7334 4096 75821003 1 1230 610 887
7398 3930 75821013 1 1230 610 878
7500 3862 75821023 1 1220 610 867
7624 3862 75821033 1 1220 610 853
7762 3953 75821043 1 1220 610 860
7920 4099 75821053 1 1200 620 858
8078 4280 75821063 1 1180 620 861
8237 4394 75821073 1 1180 620 867
8409 4417 75821083 1 1160 630 853
8576 4379 75821093 1 1150 630 853
8740 4279 75821103 1 1150 630 860
8934 4174 75821113 1 1130 630 805
9119 4067 75821123 1 1130 630 752
9299 4015 75821133 1 1140 640 710
9518 4023 75821143 1 1140 640 653
9739 4070 75821153 1 1140 640 638
9960 4145 75821163 1 1140 640 637
10151 4223 75821173 1 1140 640 644
10339 4303 75821183 1 1170 650 669
10525 4318 75821193 1 1170 650 708
10708 4309 75821203 1 1170 650 713
10894 4285 75821213 1 1170 650 678
11086 4279 75821223 1 1170 650 1
11425 4913 75821295 0 1200 640 848
11289 4808 75821305 1 1200 640 858
11206 4843 75821315 1 1200 640 861
11104 4831 75821325 1 1240 640 833
11081 4789 75821335 1 1240 640 543
9220 5275 75821445 0 1240 630 793
8861 5140 75821455 1 1240 630 823
8661 5229 75821465 1 1240 630 826
8560 5229 75821475 1 1230 620 794
8525 5171 75821485 1 1230 620 617
