174
2617 4838 52528952 0 1330 320 274
2617 4838 52528962 1 1330 320 296
2535 4895 52528972 1 1340 340 316
2500 4903 52528982 1 1330 350 304
2505 4890 52528992 1 1340 370 324
2536 4895 52529002 1 1340 380 386
2585 4895 52529012 1 1340 390 458
2689 4902 52529022 1 1340 400 497
2830 4902 52529032 1 1340 410 512
3015 4951 52529042 1 1350 420 515
3245 5024 52529052 1 1350 430 510
3504 5078 52529062 1 1350 440 485
3742 5128 52529072 1 1350 450 315
3507 6003 52529202 0 1350 500 442
3507 6003 52529212 1 1350 490 452
3338 5917 52529222 1 1340 480 460
3289 5856 52529232 1 1330 470 473
3273 5700 52529242 1 1340 470 504
3260 5500 52529252 1 1340 470 559
3246 5270 52529262 1 1340 470 594
3233 4979 52529272 1 1330 460 617
3221 4642 52529282 1 1330 470 639
3230 4275 52529292 1 1330 470 640
3244 3881 52529302 1 1320 480 647
3264 3535 52529312 1 1320 490 645
3286 3221 52529322 1 1320 500 619
3295 2947 52529332 1 1300 510 567
3295 2748 52529342 1 1300 520 489
3285 2600 52529352 1 1300 530 344
3127 4358 52529483 0 1160 550 515
3267 4438 52529493 1 1160 550 509
3128 4469 52529503 1 1170 550 512
3031 4496 52529513 1 1170 540 515
2962 4421 52529523 1 1180 540 513
2863 4295 52529533 1 1190 530 518
2743 4134 52529543 1 1210 530 521
2608 3966 52529553 1 1210 530 516
2466 3784 52529563 1 1220 530 509
2371 3593 52529573 1 1210 520 391
2306 3506 52529583 1 1210 520 103
2960 4415 52529653 0 1220 530 310
3165 4551 52529663 1 1220 530 342
3198 4557 52529673 1 1220 530 404
3232 4537 52529683 1 1220 530 486
3304 4499 52529693 1 1220 530 537
3402 4451 52529703 1 1230 530 574
3529 4400 52529713 1 1230 530 589
3672 4317 52529723 1 1230 530 583
3825 4215 52529733 1 1230 530 533
3941 4080 52529743 1 1240 540 301
4866 5202 52529984 0 1260 540 535
4720 5115 52529994 1 1260 540 520
4628 5189 52530004 1 1260 540 526
4589 5224 52530014 1 1260 540 516
4589 5234 52530024 1 1240 530 513
4617 5234 52530034 1 1220 510 516
4695 5241 52530044 1 1220 500 519
4804 5277 52530054 1 1200 470 524
4939 5330 52530064 1 1220 460 524
5094 5383 52530074 1 1230 460 526
5262 5449 52530084 1 1230 460 515
5482 5523 52530094 1 1250 460 366
5690 5593 52530104 1 1250 460 56
5368 6238 52530224 0 1360 490 449
5368 6238 52530234 1 1360 490 453
5368 6238 52530244 1 1370 480 463
5283 6187 52530254 1 1370 480 474
5271 6059 52530264 1 1380 480 494
5262 5826 52530274 1 1380 480 540
5254 5533 52530284 1 1380 480 569
5254 5201 52530294 1 1370 470 595
5254 4772 52530304 1 1370 470 606
5254 4359 52530314 1 1370 470 619
5264 3956 52530324 1 1360 480 611
5272 3581 52530334 1 1350 490 617
5288 3261 52530344 1 1360 490 616
5302 2977 52530354 1 1350 500 605
5297 2705 52530364 1 1340 500 550
5282 2553 52530374 1 1330 510 412
5058 4751 52530504 0 1180 540 550
5155 4798 52530514 1 1180 530 554
5052 4787 52530524 1 1190 510 554
4959 4691 52530534 1 1180 490 553
4873 4539 52530544 1 1190 490 550
4720 4339 52530554 1 1210 490 554
4557 4110 52530564 1 1220 480 556
4386 3863 52530574 1 1220 470 498
4265 3642 52530584 1 1220 470 222
5110 4899 52530685 0 1210 480 492
5338 4925 52530695 1 1210 480 502
5361 4914 52530695 1 1210 480 517
5452 4863 52530705 1 1220 470 513
5587 4785 52530715 1 1220 470 537
5733 4696 52530725 1 1230 480 544
5882 4604 52530735 1 1230 480 546
6010 4471 52530745 1 1240 490 532
6122 4312 52530755 1 1240 490 215
7365 5441 52531015 0 1340 550 344
7365 5441 52531025 1 1340 550 325
7292 5568 52531035 1 1340 550 339
7272 5590 52531045 1 1340 550 344
7272 5590 52531055 1 1350 540 338
7295 5590 52531065 1 1360 520 353
7304 5615 52531075 1 1360 510 384
7304 5646 52531085 1 1370 500 418
7337 5662 52531095 1 1360 490 474
7373 5662 52531105 1 1360 490 524
7437 5640 52531115 1 1360 490 568
7519 5590 52531125 1 1360 490 584
7601 5518 52531135 1 1350 500 595
7676 5432 52531145 1 1350 500 592
7747 5331 52531155 1 1350 500 602
7823 5204 52531165 1 1360 500 608
7925 5061 52531175 1 1360 500 605
8045 4864 52531185 1 1350 510 594
8173 4687 52531195 1 1360 510 420
7268 3049 52531406 0 1350 540 548
7219 2918 52531416 1 1340 540 540
7187 2934 52531426 1 1340 520 540
7140 2964 52531436 1 1330 520 544
7184 3042 52531446 1 1330 510 541
7288 3151 52531456 1 1320 510 512
7432 3298 52531466 1 1320 510 470
7599 3492 52531476 1 1300 520 392
7781 3718 52531486 1 1300 520 190
8785 5623 52531646 0 1400 540 700
8696 5349 52531656 1 1400 540 702
8560 5233 52531666 1 1410 530 700
8529 5107 52531676 1 1450 530 694
8553 4951 52531686 1 1470 510 659
8613 4755 52531696 1 1500 500 509
8706 5036 52531826 0 1390 550 329
8753 5184 52531836 1 1370 540 358
8802 5284 52531846 1 1360 550 397
8872 5433 52531856 1 1360 550 460
9008 5486 52531866 1 1360 550 556
9189 5533 52531876 1 1360 550 633
9431 5570 52531886 1 1360 550 690
9673 5570 52531896 1 1360 550 730
9909 5544 52531906 1 1390 550 749
10107 5481 52531916 1 1390 550 762
10284 5403 52531926 1 1390 550 776
10458 5316 52531936 1 1410 550 780
10586 5227 52531946 1 1410 550 780
10682 5142 52531956 1 1410 560 780
10716 5060 52531966 1 1430 560 782
10692 4953 52531976 1 1440 570 771
10630 4815 52531986 1 1440 570 721
10504 4657 52531996 1 1460 570 616
10351 4516 52532006 1 1460 580 420
8575 3944 52532097 0 1470 590 475
8575 3944 52532107 1 1460 580 498
8575 3944 52532117 1 1440 580 505
8648 4064 52532127 1 1440 580 536
8868 4094 52532137 1 1430 570 580
9161 4141 52532147 1 1430 570 617
9466 4200 52532157 1 1430 570 647
9779 4274 52532167 1 1420 570 641
10060 4332 52532177 1 1420 570 561
10262 4380 52532187 1 1420 570 93
9816 6398 52532327 0 1460 570 498
9816 6398 52532337 1 1470 560 509
9695 6448 52532347 1 1480 560 521
9612 6356 52532357 1 1470 550 556
9552 6155 52532367 1 1480 540 617
9508 5835 52532377 1 1470 530 687
9433 5416 52532387 1 1470 530 748
9358 4932 52532397 1 1480 530 767
9310 4306 52532407 1 1460 530 765
9278 3665 52532417 1 1460 530 756
9267 3013 52532427 1 1460 530 739
9283 2495 52532437 1 1450 540 705
9317 2128 52532447 1 1440 540 620
9339 1861 52532457 1 1410 560 392
