226
3863 5765 246364 0 1560 530 464
3943 5765 246374 1 1570 520 452
3929 5811 246384 1 1570 520 456
3929 5883 246394 1 1570 510 456
3929 5912 246404 1 1570 510 474
3956 5982 246414 1 1570 510 498
3984 6079 246424 1 1550 500 521
3984 6141 246434 1 1550 500 538
3963 6200 246444 1 1550 510 536
3963 6200 246454 1 1550 510 539
3932 6309 246464 1 1550 510 550
3905 6358 246474 1 1540 520 561
3862 6384 246484 1 1530 520 567
3813 6396 246494 1 1520 530 563
3761 6381 246504 1 1520 530 567
3692 6327 246514 1 1500 520 574
3609 6247 246524 1 1500 520 588
3516 6131 246534 1 1500 520 628
3433 5992 246544 1 1500 520 649
3356 5838 246554 1 1500 520 667
3305 5701 246564 1 1500 520 676
3270 5590 246574 1 1500 520 685
3270 5496 246584 1 1490 530 691
3298 5434 246594 1 1480 530 693
3346 5395 246604 1 1480 530 699
3418 5371 246614 1 1470 530 702
3517 5398 246624 1 1470 530 691
3634 5467 246634 1 1460 540 675
3768 5565 246644 1 1450 540 663
3873 5658 246654 1 1450 540 668
3959 5749 246664 1 1440 540 667
4015 5832 246674 1 1440 540 671
4046 5908 246684 1 1440 540 681
4061 5947 246694 1 1440 540 699
4061 5947 246704 1 1440 540 708
4061 5947 246714 1 1440 540 702
4061 5947 246724 1 1450 550 707
4061 5947 246734 1 1460 540 722
4031 5826 246744 1 1460 540 721
4000 5700 246754 1 1460 540 731
3967 5562 246764 1 1460 540 750
3926 5404 246774 1 1470 550 794
3880 5238 246784 1 1470 550 818
3824 5068 246794 1 1480 540 822
3758 4899 246804 1 1480 540 840
3684 4734 246814 1 1470 550 864
3607 4610 246824 1 1470 550 864
3530 4513 246834 1 1470 550 884
3446 4417 246844 1 1460 550 897
3356 4336 246854 1 1460 550 908
3252 4264 246864 1 1450 560 893
3131 4212 246874 1 1440 560 894
2998 4178 246884 1 1430 560 896
2875 4157 246894 1 1420 570 909
2752 4157 246904 1 1420 570 905
2629 4184 246914 1 1420 570 878
2530 4232 246924 1 1400 580 846
2448 4316 246934 1 1390 570 782
2395 4418 246944 1 1390 570 673
2386 4531 246954 1 1380 580 499
2407 4638 246964 1 1380 580 127
4973 5746 247175 0 1480 500 274
5055 5806 247185 1 1480 500 309
5037 5848 247195 1 1480 500 342
5037 5897 247205 1 1490 510 348
5029 5937 247215 1 1500 510 397
5024 5992 247225 1 1510 510 444
5006 6056 247235 1 1510 510 485
4979 6095 247245 1 1510 510 516
4945 6128 247255 1 1510 510 536
4901 6137 247265 1 1500 520 546
4850 6131 247275 1 1500 520 561
4778 6097 247285 1 1520 530 581
4689 6027 247295 1 1520 530 616
4589 5932 247305 1 1520 530 646
4511 5805 247315 1 1520 530 673
4459 5697 247325 1 1520 530 697
4425 5602 247335 1 1520 530 697
4416 5524 247345 1 1490 530 710
4431 5471 247355 1 1490 530 713
4462 5435 247365 1 1490 530 721
4512 5421 247375 1 1470 530 728
4594 5450 247385 1 1470 530 713
4698 5508 247395 1 1470 530 691
4830 5603 247405 1 1450 540 658
4944 5701 247415 1 1450 540 633
5047 5802 247425 1 1440 540 616
5119 5902 247435 1 1440 540 624
5159 5973 247445 1 1440 540 647
5177 6024 247455 1 1450 550 670
5177 6024 247465 1 1450 550 667
5177 6024 247475 1 1450 550 666
5177 6017 247485 1 1460 550 687
5159 5950 247495 1 1470 550 700
5141 5845 247505 1 1470 550 730
5119 5739 247515 1 1490 550 740
5111 5644 247525 1 1490 550 750
5119 5557 247535 1 1500 550 760
5137 5472 247545 1 1500 550 768
5173 5404 247555 1 1510 540 768
5227 5348 247565 1 1510 540 770
5293 5322 247575 1 1510 540 765
5372 5336 247585 1 1500 550 749
5473 5378 247595 1 1500 550 711
5588 5466 247605 1 1500 550 668
5721 5566 247615 1 1490 560 611
5857 5675 247625 1 1490 560 572
5960 5784 247635 1 1490 560 562
6039 5907 247645 1 1490 560 564
6102 6040 247655 1 1510 560 616
6146 6136 247665 1 1510 560 665
6176 6199 247675 1 1510 560 693
6197 6241 247685 1 1520 570 728
6204 6263 247695 1 1520 570 734
6204 6269 247705 1 1530 560 736
6204 6269 247715 1 1540 560 736
6204 6258 247725 1 1550 550 751
6184 6202 247735 1 1570 560 760
6154 6113 247745 1 1570 560 777
6103 5991 247755 1 1580 550 793
6053 5857 247765 1 1590 550 802
6007 5714 247775 1 1590 550 827
5968 5608 247785 1 1590 550 818
5956 5525 247795 1 1590 550 822
5956 5457 247805 1 1590 550 822
5976 5408 247815 1 1590 550 817
5996 5383 247825 1 1580 560 818
6024 5375 247835 1 1580 560 788
6069 5391 247845 1 1560 570 743
6124 5441 247855 1 1560 570 644
6195 5513 247865 1 1560 570 469
6267 5583 247875 1 1550 580 131
6277 5740 247906 0 1540 580 71
6147 5791 247916 1 1540 580 180
6079 5815 247926 1 1540 580 214
6008 5836 247936 1 1540 580 282
5933 5846 247946 1 1540 580 372
5877 5851 247956 1 1540 580 468
5832 5851 247966 1 1540 580 559
5808 5857 247976 1 1540 580 616
5802 5857 247986 1 1540 580 637
5807 5857 247996 1 1550 580 659
5818 5857 248006 1 1550 580 699
5868 5864 248016 1 1550 580 707
5943 5878 248026 1 1560 570 711
6043 5902 248036 1 1540 560 705
6160 5933 248046 1 1550 550 662
6289 5956 248056 1 1550 550 538
6400 5956 248066 1 1550 550 277
6553 5838 248146 0 1580 550 386
6542 5746 248156 1 1580 550 415
6550 5746 248166 1 1570 560 455
6560 5739 248176 1 1570 560 492
6596 5721 248186 1 1560 570 565
6649 5721 248196 1 1560 570 605
6724 5740 248206 1 1560 570 625
6813 5771 248216 1 1550 580 627
6910 5810 248226 1 1550 580 630
6997 5862 248236 1 1550 580 634
7079 5922 248246 1 1550 580 636
7157 5985 248256 1 1550 580 638
7234 6048 248266 1 1570 580 634
7299 6111 248276 1 1570 580 631
7357 6175 248286 1 1570 580 633
7393 6230 248296 1 1590 570 639
7393 6263 248306 1 1590 570 645
7357 6282 248316 1 1610 570 644
7304 6282 248326 1 1610 570 658
7223 6242 248336 1 1630 570 676
7122 6179 248346 1 1630 560 713
7024 6093 248356 1 1650 560 739
6923 5990 248366 1 1650 560 774
6852 5877 248376 1 1650 550 799
6801 5769 248386 1 1650 550 824
6773 5674 248396 1 1650 550 840
6773 5589 248406 1 1650 550 848
6801 5521 248416 1 1630 560 857
6860 5478 248426 1 1630 560 866
6950 5451 248436 1 1630 570 854
7061 5457 248446 1 1610 570 853
7213 5500 248456 1 1610 570 831
7388 5569 248466 1 1610 570 800
7579 5652 248476 1 1610 570 780
7742 5734 248486 1 1580 580 757
7888 5826 248496 1 1580 580 760
8023 5926 248506 1 1570 590 754
8133 6039 248516 1 1570 590 758
8225 6149 248526 1 1590 590 758
8304 6251 248536 1 1590 590 753
8345 6312 248546 1 1590 590 777
8354 6347 248556 1 1610 600 796
8341 6353 248566 1 1610 600 785
8324 6353 248576 1 1630 590 796
8293 6330 248586 1 1630 590 817
8252 6285 248596 1 1650 590 817
8204 6216 248606 1 1650 580 831
8161 6142 248616 1 1670 580 846
8127 6059 248626 1 1670 570 852
8097 5971 248636 1 1670 570 866
8087 5884 248646 1 1670 570 858
8087 5809 248656 1 1680 560 872
8112 5741 248666 1 1670 570 882
8156 5686 248676 1 1670 570 888
8213 5637 248686 1 1670 570 893
8285 5592 248696 1 1680 580 896
8360 5547 248706 1 1680 580 896
8421 5502 248716 1 1680 590 899
8473 5457 248726 1 1680 590 899
8497 5411 248736 1 1680 600 905
8497 5365 248746 1 1660 600 899
8485 5320 248756 1 1650 610 932
8456 5277 248766 1 1650 610 955
8404 5233 248776 1 1650 620 991
8337 5188 248786 1 1640 630 1011
8252 5148 248796 1 1640 630 1023
8155 5112 248806 1 1630 640 1023
8050 5079 248816 1 1630 640 1023
7932 5051 248826 1 1630 640 1023
7815 5026 248836 1 1610 640 1023
7699 5005 248846 1 1610 640 1023
7605 4993 248856 1 1610 640 1023
7525 4988 248866 1 1610 640 1023
7453 4988 248876 1 1600 630 982
7391 4995 248886 1 1600 630 909
7332 5003 248896 1 1600 630 727
7278 5011 248906 1 1580 620 280
