187
2258 6059 8733417 0 1350 800 209
2208 6075 8733427 1 1390 790 242
2171 6102 8733437 1 1380 780 240
2164 6128 8733447 1 1350 760 242
2164 6153 8733457 1 1350 750 262
2172 6193 8733467 1 1370 730 327
2201 6243 8733477 1 1350 710 393
2243 6304 8733487 1 1370 690 415
2309 6390 8733497 1 1350 670 438
2412 6492 8733507 1 1370 650 439
2540 6601 8733517 1 1370 630 448
2677 6685 8733527 1 1370 620 463
2807 6752 8733537 1 1360 600 464
2925 6799 8733547 1 1360 580 480
3037 6820 8733557 1 1360 560 504
3144 6820 8733567 1 1360 550 509
3230 6814 8733577 1 1370 530 510
3302 6778 8733587 1 1360 520 515
3342 6724 8733597 1 1370 520 512
3342 6641 8733607 1 1360 510 515
3316 6514 8733617 1 1360 510 515
3243 6358 8733627 1 1360 510 517
3137 6178 8733637 1 1360 510 519
3008 5995 8733647 1 1360 510 546
2890 5818 8733657 1 1360 510 570
2794 5647 8733667 1 1350 520 594
2713 5531 8733677 1 1350 520 595
2682 5476 8733687 1 1350 520 589
2690 5462 8733697 1 1340 520 592
2724 5469 8733707 1 1340 520 592
2796 5507 8733717 1 1340 520 585
2894 5566 8733727 1 1330 530 595
3010 5630 8733737 1 1330 530 589
3120 5667 8733747 1 1310 540 588
3209 5685 8733757 1 1310 540 589
3283 5675 8733768 1 1300 540 584
3318 5631 8733778 1 1300 540 561
3308 5564 8733788 1 1290 550 546
3268 5428 8733798 1 1290 550 537
3166 5252 8733808 1 1280 540 546
3041 5049 8733818 1 1280 540 559
2900 4839 8733828 1 1290 550 557
2802 4690 8733838 1 1290 550 565
2754 4583 8733848 1 1270 550 550
2740 4549 8733858 1 1270 550 540
2780 4549 8733868 1 1270 550 516
2891 4575 8733878 1 1270 550 492
3049 4623 8733888 1 1270 550 494
3231 4669 8733898 1 1270 550 509
3385 4655 8733908 1 1270 550 550
3520 4602 8733918 1 1270 550 565
3605 4478 8733928 1 1270 550 600
3635 4296 8733938 1 1270 550 614
3628 4076 8733948 1 1270 550 614
3574 3859 8733958 1 1260 560 636
3485 3635 8733968 1 1260 560 662
3373 3406 8733978 1 1260 560 664
3257 3184 8733988 1 1250 560 656
3145 3046 8733998 1 1250 560 592
3073 2965 8734008 1 1230 560 433
3027 3003 8734018 1 1230 560 12
3847 5756 8734129 0 1210 550 213
4240 6120 8734139 1 1230 550 252
4406 6301 8734149 1 1240 540 279
4571 6498 8734159 1 1250 540 317
4736 6620 8734159 1 1250 530 339
4883 6714 8734169 1 1280 530 364
5009 6790 8734179 1 1290 520 367
5122 6851 8734189 1 1300 520 371
5238 6907 8734199 1 1330 520 374
5321 6926 8734209 1 1340 510 371
5383 6926 8734219 1 1350 510 364
5407 6865 8734229 1 1360 500 343
5374 6746 8734239 1 1360 500 320
5304 6587 8734249 1 1380 500 291
5177 6324 8734259 1 1380 500 282
5024 5994 8734269 1 1380 500 304
4854 5619 8734279 1 1380 500 369
4663 5252 8734289 1 1380 500 436
4512 4942 8734299 1 1380 500 465
4387 4670 8734309 1 1370 510 468
4313 4503 8734319 1 1360 510 486
4284 4396 8734329 1 1350 520 489
4284 4330 8734339 1 1350 520 522
4326 4318 8734349 1 1340 520 548
4397 4358 8734359 1 1310 520 559
4489 4433 8734369 1 1300 530 568
4593 4558 8734379 1 1290 530 567
4702 4745 8734389 1 1290 530 557
4820 4974 8734399 1 1270 530 551
4943 5256 8734409 1 1250 540 544
5062 5578 8734419 1 1250 540 516
5183 5928 8734429 1 1250 540 520
5270 6264 8734439 1 1260 540 509
5333 6552 8734449 1 1260 540 510
5333 6807 8734459 1 1280 540 510
5273 6951 8734469 1 1290 550 520
5179 6997 8734479 1 1300 540 517
5072 6979 8734489 1 1310 540 515
4931 6865 8734499 1 1330 530 515
4766 6671 8734509 1 1350 530 521
4600 6423 8734519 1 1350 530 545
4454 6088 8734529 1 1360 520 584
4322 5670 8734539 1 1360 520 613
4206 5197 8734549 1 1360 520 637
4123 4649 8734559 1 1370 520 656
4063 4150 8734569 1 1360 520 663
4078 3684 8734579 1 1360 520 675
4155 3455 8734589 1 1340 520 681
4273 3317 8734599 1 1330 530 685
4425 3241 8734609 1 1310 540 685
4599 3261 8734619 1 1290 530 681
4788 3354 8734629 1 1280 540 673
4942 3496 8734639 1 1260 540 661
5079 3682 8734649 1 1250 550 639
5204 3928 8734659 1 1240 550 611
5292 4214 8734669 1 1220 560 595
5322 4483 8734679 1 1190 560 595
5312 4704 8734689 1 1190 560 589
5242 4892 8734699 1 1180 570 591
5133 4981 8734709 1 1180 570 603
4998 4999 8734719 1 1180 570 611
4865 4969 8734729 1 1190 560 631
4748 4896 8734739 1 1190 560 672
4641 4806 8734749 1 1210 560 700
4621 4706 8734759 1 1220 560 733
4717 4552 8734769 1 1220 560 740
4890 4364 8734779 1 1240 550 752
5110 4153 8734789 1 1260 560 752
5369 3959 8734799 1 1260 560 754
5653 3819 8734809 1 1260 560 758
5934 3714 8734819 1 1270 560 751
6189 3688 8734829 1 1270 560 724
6427 3688 8734839 1 1270 560 671
6659 3697 8734849 1 1280 570 589
6867 3747 8734859 1 1270 570 498
7060 3840 8734869 1 1260 580 262
6851 5412 8735010 0 1260 580 173
6710 5474 8735020 1 1260 570 336
6675 5530 8735030 1 1270 560 343
6652 5632 8735040 1 1270 550 344
6673 5681 8735050 1 1290 550 369
6736 5738 8735060 1 1290 550 414
6828 5801 8735070 1 1290 530 468
6960 5889 8735080 1 1290 530 509
7145 5978 8735090 1 1300 530 546
7364 6070 8735100 1 1310 520 581
7622 6187 8735110 1 1340 520 589
7888 6317 8735120 1 1350 530 591
8158 6440 8735130 1 1350 530 591
8396 6522 8735140 1 1370 530 592
8571 6577 8735150 1 1390 540 540
8704 6568 8735160 1 1400 540 465
8742 6496 8735170 1 1410 550 367
8685 6381 8735180 1 1420 540 286
8564 6195 8735190 1 1440 540 280
8352 5964 8735200 1 1440 540 329
8108 5702 8735210 1 1450 550 465
7842 5471 8735220 1 1450 550 595
7597 5237 8735230 1 1470 550 646
7426 5063 8735240 1 1470 550 678
7304 4930 8735250 1 1470 550 693
7247 4850 8735260 1 1470 550 699
7256 4812 8735270 1 1470 550 696
7309 4802 8735280 1 1460 550 713
7423 4832 8735290 1 1460 550 724
7584 4908 8735300 1 1450 550 725
7776 5015 8735310 1 1450 550 730
8023 5140 8735320 1 1450 550 739
8264 5259 8735330 1 1440 560 740
8501 5375 8735340 1 1440 560 730
8686 5417 8735350 1 1440 560 679
8772 5370 8735360 1 1430 560 603
8793 5265 8735370 1 1430 560 492
8686 5074 8735380 1 1440 570 443
8478 4818 8735390 1 1440 570 443
8203 4518 8735400 1 1440 570 546
7900 4189 8735410 1 1440 570 693
7617 3857 8735420 1 1430 570 796
7348 3612 8735430 1 1430 570 855
7212 3425 8735440 1 1430 570 875
7207 3326 8735450 1 1420 580 912
7288 3303 8735460 1 1420 580 942
7536 3330 8735470 1 1410 590 941
7919 3466 8735480 1 1410 590 932
8393 3659 8735490 1 1410 600 863
8971 3890 8735500 1 1410 600 684
