142
3862 4841 52384504 0 1320 480 249
3862 4841 52384514 1 1320 480 319
3862 4841 52384524 1 1330 470 322
3862 4841 52384534 1 1330 470 309
3862 4841 52384544 1 1330 470 345
3862 4841 52384554 1 1350 470 373
4031 4853 52384564 1 1350 470 396
4203 4890 52384574 1 1350 470 400
4390 4965 52384584 1 1350 470 396
4586 5034 52384594 1 1370 470 342
4786 5091 52384604 1 1370 470 85
4551 5660 52384705 0 1390 470 329
4551 5660 52384715 1 1390 470 329
4460 5592 52384725 1 1400 470 334
4447 5457 52384735 1 1400 470 351
4473 5242 52384745 1 1400 470 402
4492 4984 52384755 1 1390 470 436
4510 4670 52384765 1 1390 470 443
4530 4319 52384775 1 1390 470 450
4553 3918 52384785 1 1370 470 394
4581 3591 52384795 1 1370 470 240
4452 4685 52384925 0 1280 500 362
4452 4685 52384935 1 1280 500 389
4452 4685 52384945 1 1280 500 400
4315 4602 52384955 1 1280 490 431
4215 4500 52384965 1 1280 490 461
4082 4324 52384975 1 1290 490 468
3926 4100 52384985 1 1290 490 473
3793 3880 52384995 1 1310 480 465
3663 3672 52385005 1 1310 480 422
3617 3588 52385015 1 1310 480 235
4239 4557 52385095 0 1280 480 371
4415 4582 52385105 1 1280 480 372
4406 4572 52385115 1 1280 480 393
4454 4550 52385125 1 1280 480 391
4552 4496 52385135 1 1280 480 396
4682 4439 52385145 1 1290 490 377
4806 4362 52385155 1 1290 490 170
5466 4927 52385416 0 1240 480 254
5340 4853 52385426 1 1250 470 387
5330 4878 52385436 1 1250 470 440
5330 4888 52385446 1 1270 480 441
5335 4888 52385456 1 1280 470 449
5446 4932 52385466 1 1310 470 449
5630 5003 52385476 1 1310 470 449
5873 5092 52385486 1 1320 480 420
6093 5191 52385496 1 1330 470 291
6111 5551 52385576 0 1420 480 368
5992 5569 52385586 1 1420 480 394
5926 5569 52385596 1 1420 480 405
5896 5547 52385606 1 1430 490 417
5890 5440 52385616 1 1430 490 442
5904 5278 52385626 1 1430 490 490
5924 5038 52385636 1 1430 490 518
5942 4710 52385646 1 1430 490 537
5957 4323 52385656 1 1430 490 519
5969 3865 52385666 1 1420 490 466
5982 3538 52385676 1 1430 500 394
5995 3298 52385686 1 1420 500 307
6038 3231 52385696 1 1410 510 202
5920 4521 52385786 0 1350 540 282
5844 4544 52385796 1 1350 540 289
5773 4516 52385806 1 1350 540 305
5676 4454 52385816 1 1350 540 334
5580 4350 52385826 1 1340 540 364
5482 4219 52385836 1 1340 540 368
5371 4071 52385846 1 1330 530 356
5254 3902 52385856 1 1340 520 244
5646 4326 52385926 0 1330 510 228
5882 4576 52385936 1 1330 510 307
5909 4623 52385946 1 1330 510 398
5962 4623 52385956 1 1330 510 466
6044 4592 52385966 1 1330 510 498
6146 4550 52385976 1 1330 510 491
6269 4490 52385986 1 1340 510 477
6393 4418 52385996 1 1340 510 391
6517 4320 52386006 1 1340 510 78
7468 5111 52386257 0 1490 440 18
7509 5197 52386267 1 1520 410 66
7492 5272 52386277 1 1550 390 206
7452 5368 52386287 1 1580 370 309
7452 5368 52386297 1 1580 380 307
7446 5368 52386307 1 1570 390 322
7467 5350 52386317 1 1560 400 359
7502 5304 52386327 1 1560 400 361
7566 5237 52386337 1 1540 410 361
7618 5132 52386347 1 1530 420 307
7594 3955 52386447 0 1420 500 499
7565 3697 52386457 1 1420 500 548
7511 3681 52386467 1 1410 510 554
7441 3681 52386477 1 1400 520 550
7466 3696 52386487 1 1400 520 546
7542 3799 52386497 1 1390 520 519
7652 3953 52386507 1 1390 520 491
7802 4141 52386517 1 1390 540 359
7954 4333 52386527 1 1390 540 1
8366 5209 52386617 0 1410 530 373
8366 5209 52386627 1 1420 530 381
8220 5215 52386637 1 1450 530 384
8194 5133 52386647 1 1450 530 388
8194 4985 52386657 1 1460 520 404
8222 4780 52386667 1 1460 520 391
8242 4579 52386677 1 1460 520 260
8292 4853 52386778 0 1470 520 259
8364 5063 52386788 1 1470 520 334
8436 5143 52386798 1 1460 530 393
8492 5239 52386808 1 1470 530 452
8636 5314 52386818 1 1470 530 519
8828 5386 52386828 1 1470 530 578
9052 5451 52386838 1 1470 530 613
9215 5481 52386848 1 1490 530 646
9374 5489 52386858 1 1490 530 669
9531 5471 52386868 1 1490 530 685
9663 5416 52386878 1 1520 530 684
9755 5337 52386888 1 1520 530 684
9819 5235 52386898 1 1530 530 681
9840 5129 52386908 1 1530 530 670
9823 5015 52386918 1 1540 530 652
9781 4881 52386928 1 1560 530 584
9706 4734 52386938 1 1560 530 427
9587 4595 52386948 1 1560 550 53
8668 4034 52387008 0 1570 560 359
8558 3923 52387018 1 1570 560 474
8510 3893 52387028 1 1570 560 495
8510 3893 52387038 1 1540 560 505
8530 3899 52387048 1 1540 560 537
8641 3935 52387058 1 1540 560 559
8783 3994 52387068 1 1530 560 585
8946 4072 52387078 1 1530 560 602
9120 4145 52387088 1 1530 560 592
9314 4210 52387098 1 1530 560 428
9102 6051 52387248 0 1560 530 404
9203 6048 52387258 1 1560 510 381
9155 6042 52387268 1 1570 510 389
9139 6042 52387278 1 1560 500 510
9139 5801 52387288 1 1560 500 627
9139 5449 52387298 1 1560 500 666
9120 5026 52387308 1 1560 480 669
9081 4500 52387318 1 1560 480 676
9036 3979 52387328 1 1550 490 673
9030 3462 52387338 1 1550 490 564
9051 3012 52387348 1 1540 500 299
