167
3314 5380 52478880 0 1430 520 269
3314 5380 52478890 1 1370 480 265
3275 5489 52478900 1 1320 450 291
3236 5546 52478910 1 1280 400 291
3194 5598 52478920 1 1230 360 297
3250 5614 52478930 1 1230 360 314
3362 5637 52478940 1 1240 370 324
3511 5674 52478950 1 1240 380 336
3682 5718 52478960 1 1250 380 346
3835 5762 52478970 1 1260 400 344
3975 5801 52478980 1 1270 410 251
3958 6355 52479080 0 1360 470 452
3958 6355 52479090 1 1370 460 444
3834 6402 52479100 1 1370 460 430
3798 6379 52479110 1 1380 460 440
3793 6268 52479120 1 1380 460 450
3793 6080 52479130 1 1380 460 486
3781 5835 52479140 1 1390 450 521
3765 5552 52479150 1 1390 450 539
3743 5184 52479160 1 1380 460 557
3743 4764 52479170 1 1380 460 561
3737 4309 52479180 1 1370 460 537
3737 3818 52479190 1 1360 470 502
3743 3493 52479200 1 1350 470 452
3759 3278 52479210 1 1350 490 348
3782 3147 52479220 1 1340 490 65
3613 5065 52479341 0 1230 520 314
3613 5065 52479351 1 1230 520 301
3583 5034 52479361 1 1240 520 294
3453 4956 52479371 1 1230 510 244
3303 4748 52479381 1 1250 510 165
3169 4569 52479391 1 1260 500 17
3327 4938 52479471 0 1270 490 6
3574 5094 52479481 1 1270 490 101
3710 5133 52479491 1 1270 490 168
3825 5147 52479501 1 1270 490 211
3927 5142 52479511 1 1270 490 242
4043 5124 52479521 1 1280 490 240
4175 5097 52479531 1 1280 490 127
4809 5423 52479671 0 1280 470 565
4989 5373 52479681 1 1280 470 595
5004 5402 52479691 1 1300 470 585
5004 5442 52479701 1 1300 470 591
5121 5421 52479711 1 1310 460 594
5285 5428 52479721 1 1300 460 591
5482 5453 52479731 1 1300 460 561
5641 5486 52479741 1 1310 460 477
5777 5541 52479751 1 1320 460 369
5897 5610 52479761 1 1330 460 246
5966 5684 52479771 1 1340 470 71
5749 6404 52479851 0 1420 500 417
5749 6404 52479861 1 1440 500 417
5749 6404 52479871 1 1440 500 440
5749 6404 52479881 1 1440 500 499
5680 6239 52479891 1 1440 500 546
5654 6023 52479901 1 1450 500 592
5624 5744 52479911 1 1440 490 613
5591 5405 52479921 1 1440 490 614
5511 4999 52479931 1 1440 490 614
5457 4548 52479941 1 1440 490 614
5420 4139 52479951 1 1430 490 589
5407 3818 52479961 1 1420 490 516
5425 3556 52479971 1 1410 500 389
5464 3450 52479981 1 1400 510 65
5377 4908 52480082 0 1270 550 425
5377 4908 52480092 1 1270 550 448
5377 4908 52480102 1 1270 550 443
5240 4915 52480112 1 1290 550 463
5080 4758 52480122 1 1290 550 481
4899 4556 52480132 1 1300 540 494
4685 4323 52480142 1 1300 540 505
4475 4135 52480152 1 1300 530 501
4333 3946 52480162 1 1310 520 441
4234 3859 52480172 1 1300 520 184
5198 4933 52480252 0 1280 500 276
5427 5050 52480262 1 1280 500 354
5445 5070 52480272 1 1280 500 427
5473 5060 52480282 1 1280 500 499
5541 5015 52480292 1 1290 510 522
5635 4946 52480302 1 1300 510 527
5768 4842 52480312 1 1300 510 496
5897 4736 52480322 1 1320 510 297
7647 5746 52480613 0 1510 490 244
7726 5858 52480623 1 1510 490 228
7715 5955 52480633 1 1510 480 296
7673 6008 52480643 1 1500 480 354
7668 6031 52480653 1 1510 470 369
7668 6031 52480663 1 1500 470 373
7668 6021 52480673 1 1490 470 382
7677 5988 52480683 1 1490 470 402
7705 5939 52480693 1 1480 470 407
7733 5837 52480703 1 1470 470 389
7760 5730 52480713 1 1470 470 317
7786 5616 52480723 1 1460 480 134
7569 4369 52480823 0 1380 490 255
7462 4094 52480843 1 1370 500 333
7391 4106 52480853 1 1370 500 376
7356 4063 52480863 1 1360 500 420
7345 4048 52480873 1 1360 500 438
7350 4053 52480883 1 1360 500 442
7357 4060 52480893 1 1350 510 442
7401 4107 52480903 1 1350 510 447
7470 4182 52480913 1 1350 510 445
7589 4325 52480923 1 1350 510 438
7773 4498 52480933 1 1350 510 335
8597 6073 52481073 0 1430 500 307
8670 5997 52481083 1 1430 500 310
8597 6011 52481093 1 1440 490 324
8545 5969 52481103 1 1440 490 327
8507 5889 52481113 1 1450 480 329
8463 5783 52481123 1 1450 480 330
8424 5698 52481133 1 1450 480 335
8393 5612 52481143 1 1450 480 337
8385 5543 52481153 1 1450 480 335
8391 5485 52481163 1 1450 480 334
8432 5453 52481173 1 1440 490 307
8491 5463 52481183 1 1440 490 282
8563 5501 52481193 1 1430 500 257
8563 5501 52481203 1 1430 500 254
8678 5647 52481213 1 1430 500 255
8719 5724 52481223 1 1440 500 264
8751 5795 52481233 1 1440 500 284
8786 5873 52481243 1 1440 500 337
8850 5957 52481253 1 1440 500 389
8933 6029 52481263 1 1450 510 423
9036 6102 52481273 1 1450 510 473
9188 6177 52481283 1 1450 510 502
9373 6256 52481293 1 1470 510 540
9598 6334 52481303 1 1480 500 580
9805 6368 52481313 1 1480 500 611
10000 6373 52481323 1 1500 500 652
10140 6335 52481333 1 1510 500 670
10253 6268 52481343 1 1510 500 690
10349 6181 52481353 1 1530 500 699
10409 6076 52481363 1 1540 500 690
10432 5967 52481374 1 1550 500 697
10432 5846 52481384 1 1570 500 700
10402 5719 52481394 1 1580 510 702
10344 5593 52481404 1 1580 510 687
10265 5450 52481414 1 1590 510 613
10161 5297 52481424 1 1600 520 463
10044 5181 52481434 1 1600 520 105
8538 4929 52481524 0 1570 540 472
8394 4794 52481534 1 1560 530 480
8286 4858 52481544 1 1530 540 502
8281 4890 52481554 1 1520 540 515
8344 4902 52481564 1 1520 540 539
8548 4939 52481574 1 1510 530 589
8815 4994 52481584 1 1500 520 636
9123 5060 52481594 1 1500 520 640
9424 5135 52481604 1 1500 520 644
9683 5207 52481614 1 1490 520 627
9915 5275 52481624 1 1500 520 524
10085 5342 52481634 1 1500 520 228
9655 7247 52481774 0 1560 480 400
9711 7248 52481784 1 1570 480 414
9627 7306 52481794 1 1570 470 448
9603 7264 52481804 1 1570 470 522
9618 7096 52481814 1 1570 460 592
9608 6844 52481824 1 1570 460 656
9571 6559 52481834 1 1560 450 716
9516 6129 52481844 1 1570 450 749
9427 5602 52481854 1 1570 450 757
9337 4990 52481864 1 1570 450 759
9246 4342 52481874 1 1570 460 721
9204 3669 52481884 1 1560 460 625
9191 3151 52481894 1 1560 480 473
