340
2730 6920 8234500 0 1510 580 518
2814 7078 8234510 1 1520 560 614
2809 7244 8234520 1 1520 540 672
2783 7321 8234530 1 1530 520 699
2774 7339 8234540 1 1530 520 696
2769 7339 8234550 1 1530 520 685
2755 7339 8234560 1 1530 510 681
2733 7290 8234570 1 1530 510 679
2648 7214 8234580 1 1530 510 676
2537 7052 8234590 1 1530 510 650
2409 6833 8234600 1 1530 510 574
2249 6576 8234610 1 1530 510 455
2112 6255 8234620 1 1520 510 317
1989 5921 8234630 1 1510 510 239
1888 5579 8234640 1 1530 520 225
1802 5267 8234650 1 1520 530 247
1726 4995 8234660 1 1510 530 291
1668 4750 8234670 1 1500 540 351
1612 4629 8234680 1 1470 550 405
1590 4577 8234690 1 1460 550 452
1590 4572 8234700 1 1450 560 504
1616 4586 8234710 1 1430 560 537
1693 4654 8234720 1 1420 570 567
1804 4758 8234730 1 1400 580 602
1944 4925 8234740 1 1390 580 647
2110 5100 8234750 1 1380 580 675
2292 5281 8234760 1 1360 580 696
2462 5465 8234770 1 1350 590 717
2622 5630 8234780 1 1350 590 719
2775 5746 8234790 1 1350 590 717
2882 5837 8234800 1 1350 590 675
2957 5870 8234810 1 1350 590 578
3010 5834 8234820 1 1350 590 468
3030 5752 8234830 1 1350 590 334
2996 5588 8234840 1 1360 600 196
2927 5349 8234850 1 1360 600 127
2826 5061 8234860 1 1360 600 134
2703 4761 8234870 1 1360 600 191
2566 4477 8234880 1 1360 600 282
2429 4214 8234890 1 1380 590 364
2313 4005 8234900 1 1380 590 449
2212 3837 8234910 1 1360 580 498
2154 3735 8234920 1 1350 590 499
2139 3698 8234930 1 1350 590 522
2153 3704 8234940 1 1350 590 559
2211 3741 8234950 1 1350 590 578
2307 3863 8234960 1 1340 600 589
2429 4041 8234970 1 1340 600 602
2582 4316 8234980 1 1340 600 605
2746 4647 8234990 1 1340 600 611
2916 5015 8235000 1 1340 600 617
3049 5370 8235010 1 1340 600 616
3146 5701 8235020 1 1340 600 616
3220 6016 8235030 1 1340 600 613
3260 6298 8235040 1 1340 600 627
3276 6532 8235050 1 1340 600 663
3276 6734 8235060 1 1360 600 700
3263 6835 8235070 1 1360 600 724
3240 6876 8235080 1 1380 590 713
3210 6876 8235090 1 1390 580 705
3173 6876 8235100 1 1400 580 694
3123 6853 8235110 1 1420 570 700
3063 6813 8235120 1 1430 560 697
2992 6742 8235130 1 1430 560 700
2911 6621 8235140 1 1440 560 699
2824 6467 8235150 1 1450 550 696
2740 6248 8235160 1 1460 550 713
2658 5962 8235170 1 1470 550 737
2582 5631 8235180 1 1470 550 780
2532 5214 8235190 1 1470 550 818
2497 4701 8235200 1 1470 550 851
2497 4123 8235210 1 1470 550 858
2511 3536 8235220 1 1450 550 863
2543 3082 8235230 1 1440 560 891
2596 2716 8235240 1 1430 560 935
2675 2550 8235250 1 1420 570 982
2771 2466 8235260 1 1400 580 1003
2907 2437 8235270 1 1380 590 1023
3078 2437 8235280 1 1360 600 1023
3273 2501 8235290 1 1350 600 1023
3485 2616 8235300 1 1340 610 1023
3708 2842 8235310 1 1320 610 1023
3937 3144 8235320 1 1300 620 1023
4153 3498 8235330 1 1270 630 1002
4350 3914 8235340 1 1260 620 988
4533 4345 8235350 1 1240 630 983
4669 4785 8235360 1 1220 630 964
4779 5234 8235370 1 1240 640 974
4871 5677 8235380 1 1240 640 976
4940 6115 8235390 1 1240 640 980
5011 6495 8235400 1 1240 640 979
5083 6744 8235410 1 1250 640 976
5136 6905 8235420 1 1270 640 974
5178 6999 8235430 1 1290 640 974
5202 7050 8235440 1 1300 630 970
5209 7073 8235450 1 1330 620 959
5204 7073 8235460 1 1350 620 946
5194 7073 8235470 1 1380 610 951
5174 7073 8235480 1 1390 610 944
5146 7052 8235490 1 1410 600 941
5106 6961 8235500 1 1420 590 945
5067 6825 8235510 1 1450 590 956
5029 6588 8235520 1 1460 580 995
5005 6173 8235530 1 1460 580 981
5005 5640 8235540 1 1470 580 1003
5005 5031 8235550 1 1460 580 987
5019 4407 8235560 1 1460 580 1005
5051 3774 8235570 1 1450 590 1023
5098 3433 8235580 1 1440 600 1023
5109 3230 8235590 1 1410 600 1023
5121 3118 8235600 1 1380 610 1023
5150 3041 8235610 1 1370 620 1023
5189 3004 8235620 1 1330 630 1023
5224 2993 8235630 1 1300 650 1023
5260 3019 8235640 1 1280 650 1023
5279 3161 8235650 1 1240 660 1023
5285 3381 8235660 1 1220 670 993
5270 3702 8235670 1 1200 670 976
5257 4137 8235680 1 1180 680 946
5244 4649 8235690 1 1160 680 943
5285 5157 8235700 1 1140 680 941
5368 5662 8235710 1 1110 690 940
5480 6166 8235720 1 1110 690 934
5641 6654 8235730 1 1100 680 937
5834 7038 8235740 1 1140 680 958
6047 7354 8235750 1 1160 680 967
6258 7628 8235760 1 1180 680 974
6473 7817 8235770 1 1200 670 979
6664 7949 8235780 1 1220 670 988
6836 7990 8235790 1 1260 670 978
6966 7927 8235800 1 1300 660 1012
7055 7795 8235810 1 1320 650 1023
7116 7576 8235820 1 1350 650 1023
7116 7276 8235830 1 1370 650 1023
7058 6921 8235840 1 1400 650 1023
6956 6640 8235850 1 1410 640 1023
6829 6425 8235860 1 1450 640 1023
6691 6253 8235870 1 1450 640 1023
6546 6137 8235880 1 1480 630 1023
6424 6091 8235890 1 1480 630 1023
6308 6091 8235900 1 1480 630 1000
6200 6168 8235910 1 1480 630 980
6116 6324 8235920 1 1480 630 974
6047 6532 8235930 1 1480 630 983
6047 6732 8235940 1 1460 640 979
6100 6883 8235950 1 1460 640 1003
6198 7002 8235960 1 1460 640 1023
6374 7049 8235970 1 1460 640 1023
6577 7040 8235980 1 1460 640 1023
6799 6994 8235990 1 1450 640 1023
7026 6927 8236000 1 1450 640 1023
7224 6854 8236010 1 1450 640 1023
7402 6778 8236020 1 1430 640 1023
7537 6700 8236030 1 1430 640 983
7618 6619 8236040 1 1430 640 849
7664 6499 8236050 1 1440 660 468
6521 5373 8236112 0 1410 680 722
6203 5078 8236122 1 1370 690 793
6076 5038 8236132 1 1370 690 829
6012 5004 8236142 1 1350 690 820
6023 5021 8236152 1 1350 690 815
6083 5073 8236162 1 1330 700 820
6201 5190 8236172 1 1330 700 829
6351 5332 8236182 1 1310 690 834
6522 5491 8236192 1 1290 700 866
6691 5611 8236202 1 1290 700 867
6862 5726 8236212 1 1270 690 891
7035 5831 8236222 1 1270 690 896
7170 5890 8236232 1 1270 690 894
7261 5918 8236242 1 1270 690 887
7323 5868 8236252 1 1290 700 878
7336 5713 8236262 1 1290 700 882
7295 5489 8236272 1 1290 700 872
7217 5165 8236282 1 1310 710 861
7098 4802 8236292 1 1280 710 870
6962 4412 8236302 1 1280 710 893
6814 4041 8236312 1 1280 710 933
6684 3768 8236323 1 1260 720 935
6600 3560 8236333 1 1260 720 949
6546 3436 8236343 1 1250 730 949
6530 3391 8236353 1 1220 740 951
6544 3398 8236363 1 1220 740 933
6578 3467 8236373 1 1190 740 924
6646 3648 8236383 1 1160 740 917
6734 3903 8236393 1 1130 750 912
6834 4259 8236403 1 1110 740 905
6946 4666 8236413 1 1080 740 882
7038 5107 8236423 1 1050 750 882
7116 5576 8236433 1 1050 750 890
7204 5922 8236443 1 1050 750 903
7267 6187 8236453 1 1050 750 906
7313 6399 8236463 1 1070 730 900
7330 6561 8236473 1 1070 730 920
7322 6691 8236483 1 1100 730 924
7297 6788 8236493 1 1100 730 933
7257 6859 8236503 1 1130 730 941
7211 6912 8236513 1 1180 730 944
7160 6934 8236523 1 1230 720 947
7116 6934 8236533 1 1260 720 945
7077 6924 8236543 1 1280 710 947
7045 6884 8236553 1 1350 710 945
7016 6776 8236563 1 1370 700 940
6991 6623 8236573 1 1370 700 988
6991 6335 8236583 1 1390 690 1009
6996 5887 8236593 1 1410 700 1018
7012 5332 8236603 1 1410 700 1015
7029 4666 8236613 1 1410 700 995
7073 3979 8236623 1 1420 710 990
7133 3278 8236633 1 1420 710 1023
7133 2719 8236643 1 1400 720 1023
7142 2327 8236653 1 1380 740 1023
7150 2046 8236663 1 1350 750 1023
7171 1829 8236673 1 1260 770 1023
7203 1695 8236683 1 1180 780 1023
7243 1617 8236693 1 1100 780 1023
7253 1633 8236703 1 1000 790 1018
7266 1716 8236713 1 900 790 1018
7288 1845 8236723 1 850 790 999
7321 2023 8236733 1 750 790 987
7387 2256 8236743 1 700 780 995
7475 2527 8236753 1 620 780 989
7589 2858 8236763 1 540 770 994
7741 3242 8236773 1 530 750 983
7917 3661 8236783 1 500 750 992
8121 4087 8236793 1 500 750 997
8370 4519 8236803 1 500 730 994
8650 4930 8236813 1 500 730 985
8970 5326 8236823 1 500 730 999
9298 5747 8236833 1 530 740 1005
9630 6170 8236843 1 530 740 999
9951 6599 8236853 1 560 740 1000
10216 7032 8236863 1 600 760 1011
10443 7330 8236873 1 640 770 1023
10636 7577 8236883 1 680 770 1023
10780 7789 8236893 1 750 790 1023
10892 7913 8236903 1 800 790 1023
10974 7990 8236913 1 850 790 1023
11028 8035 8236923 1 900 800 1023
11062 8068 8236933 1 960 810 1023
11073 8087 8236943 1 1020 810 1023
11068 8098 8236953 1 1100 810 1023
11052 8118 8236963 1 1220 810 1023
11028 8134 8236973 1 1310 810 1023
10990 8142 8236983 1 1350 800 1023
10943 8113 8236993 1 1430 800 1023
10880 8062 8237003 1 1460 790 1023
10804 7878 8237013 1 1510 800 1023
10718 7587 8237023 1 1510 800 1023
10617 7224 8237033 1 1580 790 1023
10495 6799 8237043 1 1580 790 1023
10359 6343 8237053 1 1580 790 1023
10227 5867 8237063 1 1560 800 1023
10095 5437 8237073 1 1560 800 1023
9965 5071 8237083 1 1560 800 1023
9878 4747 8237093 1 1540 810 1023
9819 4552 8237103 1 1500 820 1023
9801 4443 8237113 1 1410 840 1023
9808 4391 8237123 1 1350 840 1023
9831 4375 8237133 1 1270 850 1023
9881 4387 8237143 1 1170 860 1023
9961 4418 8237153 1 1010 850 1023
10061 4512 8237163 1 900 850 1023
10192 4694 8237173 1 790 850 1023
10350 4934 8237183 1 720 840 1023
10525 5252 8237193 1 630 830 1023
10680 5583 8237203 1 560 830 1023
10814 5924 8237213 1 560 830 1023
10933 6169 8237223 1 560 830 1023
11007 6352 8237233 1 500 820 1023
11041 6493 8237243 1 560 830 1023
11048 6592 8237253 1 560 830 1023
11032 6665 8237263 1 630 830 1023
10998 6720 8237273 1 630 830 1023
10951 6779 8237283 1 720 840 1023
10903 6833 8237293 1 720 840 1023
10850 6884 8237303 1 810 840 1023
10793 6916 8237313 1 900 840 1023
10748 6932 8237323 1 900 840 1023
10708 6937 8237333 1 990 840 1023
10679 6937 8237343 1 1080 840 1023
10658 6932 8237353 1 1170 830 1023
10646 6932 8237363 1 1240 830 1023
10639 6932 8237373 1 1300 820 1023
10639 6932 8237383 1 1300 820 1023
10639 6932 8237393 1 1350 820 1023
10639 6932 8237403 1 1350 820 1023
10639 6932 8237413 1 1350 820 1023
10634 6889 8237423 1 1390 810 1023
10634 6822 8237433 1 1390 810 1023
10640 6571 8237443 1 1390 810 1023
10647 6120 8237453 1 1390 810 1023
10647 5536 8237463 1 1390 810 1023
10673 4823 8237473 1 1390 810 1023
10698 4143 8237483 1 1400 820 1023
10724 3486 8237493 1 1350 830 1023
10750 2919 8237503 1 1210 840 1023
10761 2487 8237513 1 900 850 1023
10729 2145 8237523 1 790 850 1023
10668 1948 8237533 1 510 840 1023
10543 1855 8237543 1 400 820 1023
10408 1831 8237553 1 320 810 1023
10266 1870 8237563 1 290 800 980
10125 1969 8237573 1 240 780 947
9968 2108 8237583 1 210 760 912
9801 2281 8237593 1 190 750 908
9644 2500 8237603 1 170 730 884
9486 2750 8237613 1 160 720 863
9328 3032 8237623 1 170 700 858
9269 3199 8237633 1 160 690 863
9244 3290 8237643 1 190 690 892
9244 3298 8237653 1 180 680 944
9228 3247 8237663 1 200 680 982
9221 3158 8237673 1 200 680 1023
9221 3009 8237683 1 240 680 1023
9238 2846 8237693 1 240 680 1023
9259 2674 8237703 1 260 680 1023
9266 2533 8237713 1 260 680 1023
9271 2466 8237723 1 280 680 1023
9271 2449 8237733 1 280 680 1023
9287 2449 8237743 1 280 680 1023
9335 2492 8237753 1 280 680 1023
9406 2556 8237763 1 280 680 1023
9498 2674 8237773 1 280 680 1000
9618 2825 8237783 1 280 680 971
9757 2999 8237793 1 280 680 921
9926 3231 8237803 1 270 670 858
10104 3499 8237813 1 290 660 784
10287 3790 8237823 1 270 670 754
10505 4059 8237833 1 280 680 754
10724 4274 8237843 1 280 680 784
10928 4452 8237853 1 280 680 840
11121 4543 8237863 1 280 680 929
11262 4569 8237873 1 290 680 990
11358 4552 8237883 1 270 690 1023
11424 4512 8237893 1 270 690 1023
11464 4467 8237903 1 280 700 1023
11480 4420 8237913 1 260 700 1023
11480 4388 8237923 1 270 710 1023
11464 4372 8237933 1 270 710 1009
11428 4372 8237943 1 270 710 767
