178
1866 5868 8862874 0 1350 800 235
1829 5850 8862884 1 1350 800 254
1786 5879 8862894 1 1390 790 239
1779 5889 8862904 1 1380 780 200
1779 5897 8862914 1 1350 760 183
1804 5937 8862924 1 1350 750 188
1849 5998 8862934 1 1370 730 195
1944 6096 8862944 1 1350 710 200
2065 6201 8862954 1 1370 690 207
2204 6312 8862964 1 1390 670 218
2329 6421 8862974 1 1370 650 223
2450 6524 8862984 1 1380 630 247
2567 6597 8862994 1 1390 610 257
2688 6652 8863004 1 1390 600 269
2781 6674 8863014 1 1390 570 275
2855 6660 8863024 1 1390 560 279
2901 6622 8863034 1 1390 540 284
2918 6543 8863044 1 1390 520 282
2918 6418 8863054 1 1400 520 285
2874 6263 8863064 1 1400 510 273
2804 6088 8863074 1 1400 510 276
2714 5902 8863084 1 1400 510 306
2597 5708 8863094 1 1380 510 339
2483 5555 8863104 1 1380 510 369
2376 5420 8863114 1 1380 510 422
2301 5297 8863124 1 1380 510 461
2247 5247 8863134 1 1380 510 488
2247 5236 8863144 1 1360 510 491
2247 5251 8863154 1 1360 510 504
2295 5288 8863164 1 1360 510 494
2369 5380 8863174 1 1350 520 491
2495 5510 8863184 1 1350 520 491
2623 5612 8863194 1 1350 520 492
2754 5693 8863204 1 1350 520 499
2865 5760 8863214 1 1350 520 490
2964 5787 8863224 1 1340 520 478
3036 5772 8863234 1 1340 520 473
3062 5729 8863244 1 1330 520 443
3056 5617 8863254 1 1330 520 428
2984 5444 8863264 1 1330 520 420
2880 5230 8863274 1 1330 520 422
2755 5033 8863284 1 1340 520 441
2629 4863 8863294 1 1340 520 466
2519 4712 8863304 1 1340 520 474
2487 4659 8863314 1 1340 520 458
2500 4647 8863324 1 1330 530 443
2545 4662 8863324 1 1330 530 431
2647 4701 8863334 1 1330 530 430
2788 4742 8863344 1 1330 530 436
2926 4784 8863354 1 1330 530 452
3076 4776 8863364 1 1300 530 466
3195 4676 8863374 1 1300 530 467
3290 4516 8863384 1 1300 530 477
3300 4293 8863394 1 1300 530 495
3257 4043 8863404 1 1300 530 489
3179 3775 8863414 1 1290 530 488
3055 3514 8863424 1 1290 530 486
2925 3260 8863434 1 1280 540 444
2791 3010 8863444 1 1280 540 327
2688 2878 8863454 1 1260 540 216
2637 2915 8863464 1 1260 540 54
2654 3389 8863495 0 1250 550 17
2783 4158 8863505 1 1240 550 60
2861 4496 8863515 1 1240 550 96
2946 4754 8863525 1 1240 550 85
3044 4958 8863535 1 1230 550 24
3159 5146 8863545 1 1230 550 3
3284 5334 8863555 1 1230 550 104
3418 5526 8863565 1 1230 550 151
3577 5712 8863575 1 1240 540 213
3753 5892 8863585 1 1240 540 267
3901 6054 8863595 1 1250 540 316
4049 6183 8863605 1 1250 530 332
4180 6289 8863615 1 1250 530 339
4300 6358 8863625 1 1270 520 343
4371 6384 8863635 1 1280 520 339
4407 6384 8863645 1 1290 510 320
4419 6338 8863655 1 1300 510 259
4394 6232 8863665 1 1300 510 101
4082 5648 8863705 0 1320 500 81
3861 5206 8863715 1 1330 500 198
3810 5074 8863725 1 1330 500 262
3810 4990 8863735 1 1330 500 305
3850 4961 8863745 1 1320 500 338
3940 4984 8863755 1 1320 500 348
4064 5042 8863765 1 1320 500 353
4210 5143 8863775 1 1300 510 358
4350 5274 8863785 1 1300 510 358
4474 5426 8863795 1 1290 510 361
4588 5566 8863805 1 1290 510 356
4690 5704 8863815 1 1290 510 325
4765 5843 8863825 1 1290 510 251
4821 5990 8863835 1 1280 520 68
4666 6759 8863905 0 1300 510 146
4571 6776 8863915 1 1320 500 184
4522 6768 8863925 1 1320 500 180
4480 6712 8863935 1 1330 500 216
4438 6624 8863945 1 1320 490 260
4397 6467 8863955 1 1330 480 307
4374 6246 8863965 1 1330 480 340
4357 5983 8863975 1 1330 480 359
4351 5650 8863985 1 1340 480 371
4361 5303 8863995 1 1340 480 384
4382 4947 8864005 1 1330 480 415
4409 4641 8864015 1 1330 480 483
4460 4422 8864025 1 1320 490 514
4527 4262 8864035 1 1300 500 521
4645 4168 8864045 1 1290 500 516
4770 4132 8864055 1 1280 500 527
4899 4132 8864065 1 1280 520 522
5006 4203 8864075 1 1280 520 530
5101 4324 8864085 1 1270 520 499
5187 4482 8864095 1 1250 530 452
5244 4668 8864105 1 1250 530 428
5269 4882 8864115 1 1240 530 413
5269 5115 8864125 1 1230 530 387
5242 5267 8864135 1 1230 530 394
5175 5346 8864145 1 1230 530 399
5084 5377 8864155 1 1230 530 389
4980 5351 8864165 1 1230 530 412
4880 5303 8864175 1 1230 530 444
4816 5241 8864185 1 1230 530 452
4774 5189 8864195 1 1240 530 465
4793 5132 8864205 1 1240 530 483
4867 5072 8864215 1 1250 530 499
4978 5005 8864225 1 1250 530 513
5142 4957 8864235 1 1270 520 554
5317 4921 8864245 1 1270 520 594
5498 4879 8864255 1 1270 520 599
5646 4837 8864265 1 1290 520 613
5776 4793 8864275 1 1290 520 613
5894 4767 8864285 1 1280 530 592
5989 4752 8864295 1 1290 530 465
6070 4752 8864305 1 1290 530 212
6067 5781 8864416 0 1280 540 182
6204 5961 8864426 1 1290 530 235
6292 6023 8864436 1 1290 530 275
6409 6085 8864446 1 1300 530 371
6546 6148 8864456 1 1310 520 428
6710 6192 8864466 1 1340 520 469
6884 6240 8864476 1 1350 520 497
7065 6292 8864486 1 1350 520 520
7246 6346 8864496 1 1370 520 512
7428 6398 8864506 1 1370 520 520
7569 6446 8864516 1 1370 520 501
7683 6463 8864526 1 1400 520 461
7742 6463 8864536 1 1410 520 430
7742 6421 8864546 1 1410 520 405
7701 6330 8864556 1 1430 520 391
7595 6205 8864566 1 1430 520 396
7441 6053 8864576 1 1430 520 400
7256 5885 8864586 1 1430 530 466
7070 5707 8864596 1 1430 530 526
6947 5588 8864606 1 1430 530 553
6865 5509 8864616 1 1420 540 562
6850 5458 8864626 1 1420 540 561
6884 5443 8864636 1 1420 540 578
6950 5450 8864646 1 1420 540 602
7048 5473 8864656 1 1410 550 611
7167 5515 8864666 1 1410 550 622
7299 5557 8864676 1 1410 550 634
7433 5604 8864686 1 1400 550 638
7566 5654 8864696 1 1400 550 636
7696 5700 8864706 1 1390 560 627
7800 5722 8864716 1 1390 560 585
7886 5728 8864726 1 1390 560 544
7894 5688 8864736 1 1380 570 509
7804 5584 8864746 1 1380 570 480
7649 5437 8864756 1 1380 570 486
7428 5225 8864766 1 1390 570 567
7189 5013 8864776 1 1390 570 690
6939 4848 8864786 1 1390 570 754
6845 4716 8864796 1 1390 570 788
6896 4696 8864806 1 1390 570 822
7044 4735 8864816 1 1390 570 839
7331 4814 8864826 1 1390 570 840
7725 4970 8864836 1 1400 580 809
8189 5129 8864846 1 1400 580 605
