232
3237 6279 182652 0 1400 730 349
3237 6279 182662 1 1370 710 349
3237 6279 182672 1 1390 690 363
3237 6279 182682 1 1390 680 418
3237 6279 182692 1 1420 660 498
3237 6279 182702 1 1420 650 546
3314 6322 182712 1 1410 640 568
3355 6372 182722 1 1410 630 566
3413 6452 182732 1 1420 610 561
3481 6551 182742 1 1420 590 568
3543 6649 182752 1 1420 580 570
3584 6732 182762 1 1420 580 561
3610 6806 182772 1 1420 570 570
3610 6868 182772 1 1430 570 594
3610 6868 182782 1 1430 570 602
3610 6868 182792 1 1430 570 620
3491 6949 182802 1 1430 570 622
3433 6932 182812 1 1430 570 638
3369 6899 182822 1 1440 570 643
3294 6823 182832 1 1460 570 661
3219 6727 182842 1 1460 570 666
3145 6619 182852 1 1460 570 681
3095 6496 182862 1 1460 570 690
3066 6373 182872 1 1460 570 700
3050 6256 182882 1 1470 560 691
3057 6174 182892 1 1470 560 697
3088 6112 182902 1 1470 560 702
3136 6076 182912 1 1470 560 700
3199 6069 182922 1 1470 560 700
3279 6082 182932 1 1470 560 700
3371 6130 182942 1 1470 560 702
3478 6202 182952 1 1470 560 702
3587 6290 182962 1 1470 560 699
3700 6388 182972 1 1470 560 699
3790 6487 182982 1 1450 560 699
3866 6588 182992 1 1450 560 702
3908 6666 183002 1 1450 560 694
3928 6703 183012 1 1450 560 708
3934 6714 183022 1 1450 560 721
3934 6714 183032 1 1450 560 716
3928 6707 183042 1 1450 560 721
3928 6673 183052 1 1450 560 730
3904 6619 183062 1 1450 560 724
3873 6513 183072 1 1470 560 739
3831 6368 183082 1 1470 560 760
3773 6197 183092 1 1470 560 762
3705 5987 183102 1 1470 560 773
3628 5770 183112 1 1460 570 787
3548 5548 183122 1 1460 570 783
3467 5341 183132 1 1460 570 796
3383 5162 183142 1 1440 580 814
3300 5001 183152 1 1440 580 830
3211 4869 183162 1 1430 590 818
3118 4759 183172 1 1430 590 824
3017 4664 183182 1 1420 590 828
2906 4589 183192 1 1390 600 828
2788 4530 183202 1 1380 600 827
2657 4482 183212 1 1380 600 828
2517 4452 183222 1 1360 610 828
2371 4452 183232 1 1350 620 828
2220 4467 183242 1 1350 620 825
2069 4519 183252 1 1330 620 824
1919 4584 183262 1 1320 630 822
1803 4659 183272 1 1320 630 830
1715 4714 183282 1 1320 630 818
1645 4765 183292 1 1320 630 791
1591 4813 183302 1 1320 630 730
1561 4847 183312 1 1320 630 585
1546 4866 183322 1 1320 630 282
4478 6471 183864 0 1470 510 399
4478 6471 183874 1 1470 510 433
4478 6471 183884 1 1470 510 443
4478 6471 183894 1 1470 510 474
4460 6575 183904 1 1440 510 491
4476 6642 183914 1 1440 510 515
4500 6717 183924 1 1440 510 537
4508 6793 183934 1 1440 510 548
4498 6871 183944 1 1440 510 570
4477 6932 183954 1 1440 510 595
4423 6973 183964 1 1440 510 603
4346 7001 183974 1 1440 510 613
4254 7001 183984 1 1460 520 613
4143 6950 183994 1 1460 520 634
4031 6865 184004 1 1460 520 646
3919 6753 184014 1 1460 520 675
3838 6621 184024 1 1450 530 690
3763 6477 184034 1 1450 530 708
3721 6322 184044 1 1450 530 710
3699 6218 184054 1 1450 530 717
3733 6149 184064 1 1460 530 714
3794 6105 184074 1 1460 530 694
3873 6110 184084 1 1460 530 671
3994 6149 184094 1 1460 530 638
4147 6244 184104 1 1460 530 617
4320 6363 184114 1 1460 530 610
4467 6497 184124 1 1450 540 620
4585 6606 184134 1 1450 540 613
4683 6694 184144 1 1450 540 638
4748 6769 184154 1 1450 540 649
4773 6790 184164 1 1450 540 662
4773 6790 184174 1 1450 540 663
4781 6783 184184 1 1450 540 702
4792 6750 184194 1 1450 540 711
4806 6676 184204 1 1450 540 725
4812 6576 184214 1 1450 540 730
4812 6459 184224 1 1460 540 733
4822 6355 184234 1 1470 530 725
4832 6259 184244 1 1470 530 725
4869 6199 184254 1 1470 530 730
4923 6172 184264 1 1470 530 731
5006 6166 184274 1 1480 540 730
5121 6203 184284 1 1480 540 724
5256 6282 184294 1 1480 540 727
5411 6389 184304 1 1500 540 711
5558 6516 184314 1 1500 540 694
5699 6650 184324 1 1500 540 691
5840 6788 184334 1 1510 540 687
5945 6955 184344 1 1510 540 694
6025 7075 184354 1 1510 540 702
6073 7165 184364 1 1530 550 717
6090 7188 184374 1 1530 550 724
6090 7188 184384 1 1530 550 725
6080 7183 184394 1 1550 540 728
6042 7148 184404 1 1550 540 725
5983 7059 184414 1 1550 540 743
5906 6934 184424 1 1550 540 752
5826 6779 184434 1 1560 530 751
5744 6633 184444 1 1560 530 757
5686 6494 184454 1 1560 530 760
5657 6369 184464 1 1560 530 759
5647 6291 184474 1 1560 530 762
5670 6244 184484 1 1560 530 767
5722 6223 184494 1 1560 530 754
5794 6235 184505 1 1560 530 727
5879 6270 184515 1 1550 540 653
5955 6324 184525 1 1550 540 572
5996 6377 184535 1 1550 540 496
6016 6430 184545 1 1550 540 442
6006 6480 184555 1 1550 540 438
5974 6528 184565 1 1540 550 441
5928 6575 184575 1 1540 550 439
5863 6622 184585 1 1540 550 440
5775 6667 184595 1 1540 550 450
5672 6707 184605 1 1540 550 470
5572 6743 184615 1 1540 550 509
5492 6757 184625 1 1540 550 568
5426 6757 184635 1 1540 550 594
5396 6757 184645 1 1540 550 613
5402 6748 184655 1 1550 540 634
5431 6743 184665 1 1550 540 687
5475 6743 184675 1 1550 540 724
5592 6749 184685 1 1550 540 730
5758 6777 184695 1 1530 540 733
5965 6818 184705 1 1530 540 737
6156 6865 184715 1 1530 540 724
6335 6896 184725 1 1520 540 647
6468 6886 184735 1 1520 540 515
6552 6855 184745 1 1530 540 332
6443 6675 184825 0 1560 550 442
6443 6675 184835 1 1560 550 455
6443 6675 184845 1 1560 550 477
6443 6675 184855 1 1560 550 515
6443 6675 184865 1 1560 550 561
6560 6595 184875 1 1560 550 595
6675 6613 184885 1 1550 540 616
6800 6647 184895 1 1550 540 619
6924 6684 184905 1 1560 550 610
7041 6725 184915 1 1560 550 619
7136 6769 184925 1 1550 550 617
7221 6811 184935 1 1550 550 611
7285 6862 184945 1 1570 560 595
7313 6918 184955 1 1570 560 585
7318 6958 184965 1 1570 560 589
7295 6997 184975 1 1580 560 592
7252 7031 184985 1 1580 560 591
7195 7056 184995 1 1580 560 595
7130 7056 185005 1 1600 560 609
7067 7045 185015 1 1600 560 630
7012 7011 185025 1 1610 570 638
6968 6956 185035 1 1620 560 664
6932 6886 185045 1 1620 560 685
6902 6802 185055 1 1620 560 694
6893 6718 185065 1 1620 560 713
6893 6643 185075 1 1620 560 728
6953 6574 185085 1 1630 550 720
7051 6531 185095 1 1630 550 733
7176 6531 185105 1 1630 550 722
7360 6556 185115 1 1630 550 666
7547 6620 185125 1 1620 560 599
7710 6694 185135 1 1620 560 550
7857 6775 185145 1 1620 560 537
7953 6847 185155 1 1620 560 539
8015 6929 185165 1 1620 560 543
8055 7017 185175 1 1620 560 561
8091 7104 185185 1 1620 560 589
8112 7181 185195 1 1620 560 614
8123 7217 185205 1 1630 560 631
8123 7230 185215 1 1630 560 641
8108 7230 185225 1 1630 560 644
8089 7207 185235 1 1650 560 647
8053 7170 185245 1 1650 560 663
8010 7108 185255 1 1650 550 679
7962 7031 185265 1 1650 550 681
7927 6943 185275 1 1650 550 687
7895 6861 185285 1 1650 550 691
7885 6793 185295 1 1650 550 699
7885 6734 185305 1 1670 540 690
7945 6695 185315 1 1670 540 693
8028 6662 185325 1 1670 550 696
8130 6633 185335 1 1670 550 700
8238 6611 185345 1 1670 550 711
8346 6587 185355 1 1670 550 730
8448 6554 185365 1 1660 560 728
8529 6513 185375 1 1660 560 746
8600 6467 185385 1 1660 560 758
8647 6415 185395 1 1660 570 762
8667 6360 185405 1 1660 570 784
8667 6304 185415 1 1660 570 818
8645 6237 185425 1 1650 580 830
8593 6174 185435 1 1650 580 852
8521 6115 185445 1 1650 580 867
8412 6059 185455 1 1650 580 860
8275 6013 185465 1 1650 580 864
8120 5973 185475 1 1650 580 863
7942 5937 185485 1 1650 580 860
7756 5907 185495 1 1650 580 863
7565 5882 185505 1 1640 580 860
7402 5872 185515 1 1640 580 869
7261 5881 185525 1 1640 580 836
7135 5904 185535 1 1620 580 788
7046 5939 185545 1 1620 580 694
6986 5971 185555 1 1630 570 473
