269
3927 6952 8135117 0 1330 690 638
4066 7073 8135127 1 1330 690 700
4055 7157 8135137 1 1330 690 722
3989 7259 8135147 1 1330 690 710
3963 7266 8135157 1 1330 690 702
3946 7273 8135167 1 1430 640 696
3891 7281 8135177 1 1520 590 697
3808 7273 8135187 1 1570 540 707
3672 7163 8135197 1 1620 480 721
3521 6984 8135207 1 1510 460 730
3361 6714 8135217 1 1410 430 773
3159 6438 8135227 1 1310 390 823
2974 6115 8135237 1 1230 340 851
2799 5762 8135247 1 1240 360 863
2713 5555 8135257 1 1250 370 863
2677 5412 8135267 1 1260 390 863
2677 5313 8135277 1 1270 410 853
2713 5273 8135287 1 1280 420 854
2782 5273 8135297 1 1290 440 854
2869 5300 8135307 1 1300 460 855
2983 5382 8135317 1 1310 470 866
3132 5502 8135327 1 1320 490 873
3304 5647 8135337 1 1330 510 878
3459 5775 8135347 1 1330 520 882
3593 5864 8135357 1 1340 540 882
3714 5928 8135367 1 1340 550 878
3779 5934 8135377 1 1350 550 864
3801 5890 8135387 1 1350 570 866
3794 5812 8135397 1 1350 570 866
3727 5629 8135407 1 1350 570 867
3631 5356 8135417 1 1350 570 863
3516 5024 8135427 1 1350 570 869
3387 4690 8135437 1 1350 570 906
3260 4421 8135447 1 1350 570 902
3139 4195 8135457 1 1320 570 906
3083 4063 8135467 1 1320 570 897
3070 4008 8135477 1 1320 570 908
3086 4008 8135487 1 1320 570 893
3143 4027 8135497 1 1320 570 894
3228 4167 8135507 1 1320 570 892
3362 4384 8135517 1 1320 570 908
3531 4671 8135527 1 1310 570 903
3723 5017 8135537 1 1310 570 892
3874 5403 8135547 1 1310 570 906
3977 5768 8135557 1 1300 560 909
4049 6122 8135567 1 1300 560 896
4103 6470 8135577 1 1300 560 896
4141 6695 8135587 1 1300 560 894
4169 6830 8135597 1 1310 560 900
4176 6905 8135607 1 1310 560 911
4157 6914 8135617 1 1310 560 912
4120 6890 8135627 1 1320 550 912
4051 6845 8135637 1 1320 550 915
3956 6733 8135647 1 1340 550 921
3843 6533 8135657 1 1350 540 923
3713 6275 8135667 1 1360 550 929
3589 5938 8135677 1 1370 540 938
3469 5520 8135687 1 1370 540 977
3388 5049 8135697 1 1370 540 982
3358 4484 8135707 1 1390 540 979
3358 3968 8135717 1 1370 540 1000
3408 3486 8135727 1 1370 540 1023
3477 3226 8135737 1 1360 550 1023
3561 3088 8135747 1 1360 550 1023
3693 3031 8135757 1 1350 550 1023
3847 3054 8135767 1 1340 560 1023
4016 3200 8135777 1 1320 570 1023
4235 3427 8135787 1 1310 570 1023
4497 3771 8135797 1 1300 580 1023
4788 4178 8135807 1 1300 580 1018
5033 4626 8135817 1 1280 580 974
5268 5116 8135827 1 1270 590 947
5496 5658 8135837 1 1270 590 934
5710 6234 8135847 1 1250 590 933
5894 6666 8135857 1 1260 600 934
6057 6963 8135867 1 1260 600 937
6189 7169 8135877 1 1280 590 941
6288 7324 8135887 1 1290 600 943
6364 7395 8135897 1 1310 600 940
6364 7409 8135907 1 1310 600 941
6315 7368 8135917 1 1340 600 959
6224 7183 8135927 1 1350 590 980
6104 6903 8135937 1 1360 580 1002
5985 6471 8135947 1 1390 580 1023
5884 5900 8135957 1 1390 580 1023
5794 5237 8135967 1 1400 580 1023
5717 4600 8135977 1 1400 580 1023
5672 4179 8135987 1 1400 580 1023
5649 3902 8135997 1 1390 580 1023
5635 3716 8136007 1 1380 590 1023
5635 3647 8136017 1 1350 590 1023
5650 3655 8136027 1 1340 600 1023
5675 3712 8136037 1 1320 600 1023
5720 3899 8136047 1 1290 610 1023
5777 4173 8136057 1 1280 610 1023
5833 4562 8136067 1 1240 620 934
5889 5092 8136077 1 1240 620 912
5999 5717 8136087 1 1230 620 924
6145 6290 8136097 1 1210 630 929
6372 6764 8136107 1 1210 630 950
6643 7172 8136117 1 1210 630 977
6942 7542 8136127 1 1210 630 1023
7195 7771 8136137 1 1210 630 1023
7411 7907 8136147 1 1240 630 1023
7601 7919 8136157 1 1260 620 1023
7719 7820 8136167 1 1270 620 1023
7772 7648 8136177 1 1300 620 1023
7782 7383 8136187 1 1320 610 1023
7701 7109 8136197 1 1350 620 1023
7578 6828 8136207 1 1360 610 1023
7428 6651 8136217 1 1380 600 1023
7267 6510 8136227 1 1390 600 1023
7108 6392 8136237 1 1420 590 1023
6972 6355 8136247 1 1420 590 1023
6850 6400 8136257 1 1420 590 997
6756 6500 8136267 1 1430 590 993
6733 6639 8136277 1 1430 590 1006
6756 6783 8136287 1 1430 590 1023
6863 6930 8136297 1 1430 590 1023
6997 7059 8136307 1 1430 590 1023
7149 7144 8136317 1 1430 590 1023
7317 7199 8136327 1 1430 590 1023
7465 7199 8136337 1 1430 590 1023
7599 7139 8136347 1 1430 590 1023
7680 7045 8136357 1 1430 590 1023
7700 6884 8136367 1 1430 590 1023
7678 6680 8136377 1 1450 590 1023
7585 6447 8136387 1 1450 590 1023
7449 6175 8136397 1 1450 590 1023
7285 5900 8136407 1 1450 590 1023
7116 5623 8136417 1 1450 590 1023
7008 5459 8136427 1 1450 600 1023
6941 5351 8136437 1 1450 600 1023
6914 5280 8136447 1 1450 600 1023
6914 5269 8136457 1 1440 610 1023
6939 5309 8136467 1 1440 610 1023
7017 5382 8136477 1 1430 620 1023
7136 5534 8136487 1 1430 620 1023
7283 5710 8136497 1 1410 630 1023
7448 5902 8136507 1 1410 630 1023
7597 6034 8136517 1 1410 630 1023
7696 6080 8136527 1 1410 630 1023
7767 6069 8136537 1 1430 630 1023
7799 5943 8136547 1 1410 640 1023
7751 5698 8136557 1 1410 640 1023
7649 5374 8136567 1 1410 640 1023
7505 4965 8136577 1 1410 640 1023
7350 4569 8136587 1 1410 640 1023
7187 4183 8136597 1 1410 640 1023
7097 3956 8136607 1 1400 650 1023
7070 3824 8136617 1 1400 650 1023
7086 3755 8136627 1 1400 650 1023
7103 3762 8136637 1 1400 650 1023
7163 3878 8136647 1 1400 650 1023
7251 4066 8136657 1 1380 650 1023
7372 4360 8136667 1 1380 650 1023
7496 4701 8136677 1 1380 650 1023
7610 5074 8136687 1 1370 660 1023
7717 5478 8136697 1 1370 660 1023
7807 5849 8136707 1 1350 670 1023
7875 6137 8136717 1 1350 670 1023
7929 6382 8136727 1 1350 670 1023
7960 6548 8136737 1 1350 670 1023
7970 6645 8136747 1 1390 670 1023
7970 6696 8136757 1 1390 670 1023
7941 6717 8136767 1 1390 670 1023
7891 6704 8136777 1 1390 670 1023
7825 6669 8136787 1 1400 660 1023
7739 6542 8136797 1 1400 660 1023
7651 6256 8136807 1 1380 650 1023
7562 5863 8136817 1 1380 650 1023
7482 5241 8136827 1 1400 650 1023
7405 4455 8136837 1 1400 650 1023
7388 3559 8136847 1 1400 650 1023
7409 2747 8136857 1 1400 650 1023
7441 2213 8136867 1 1400 650 1023
7466 1865 8136877 1 1400 650 1023
7487 1628 8136887 1 1380 650 1023
7505 1560 8136897 1 1350 670 1023
7537 1604 8136907 1 1310 680 1023
7578 1720 8136917 1 1290 680 1023
7620 1939 8136927 1 1250 700 1023
7665 2227 8136937 1 1220 700 1023
7738 2590 8136947 1 1170 710 1023
7829 3108 8136957 1 1130 710 1023
7969 3730 8136967 1 1110 710 1023
8155 4429 8136977 1 1090 720 1023
8372 5127 8136987 1 1060 720 1023
8695 5760 8136997 1 1030 730 1023
9073 6349 8137007 1 1030 730 1023
9487 6909 8137017 1 1000 730 1023
9863 7367 8137027 1 1000 730 1023
10148 7756 8137037 1 1000 730 1023
10373 8014 8137047 1 1030 730 1023
10506 8150 8137057 1 1090 720 1023
10563 8205 8137067 1 1160 720 1023
10568 8205 8137077 1 1220 710 1023
10557 8195 8137087 1 1260 720 1023
10482 8106 8137097 1 1310 710 1023
10364 7963 8137100 1 1350 710 1023
10209 7732 8137110 1 1390 690 1023
10014 7432 8137120 1 1430 690 1023
9791 7086 8137130 1 1460 670 1023
9559 6645 8137140 1 1500 670 1023
9330 6150 8137150 1 1520 680 1023
9161 5619 8137160 1 1530 670 1023
9031 5143 8137170 1 1550 670 1023
8965 4810 8137180 1 1560 660 1023
8958 4572 8137190 1 1580 670 1023
8990 4460 8137200 1 1580 670 1023
9066 4426 8137210 1 1560 680 1023
9184 4444 8137220 1 1550 690 1023
9331 4566 8137230 1 1550 690 1023
9534 4797 8137240 1 1540 700 1023
9740 5102 8137250 1 1530 710 1023
9949 5484 8137260 1 1510 720 1023
10170 5829 8137270 1 1490 730 1023
10365 6150 8137280 1 1480 740 1023
10543 6346 8137290 1 1430 740 1023
10686 6522 8137300 1 1430 740 1023
10776 6684 8137310 1 1430 740 1023
10830 6759 8137320 1 1430 740 1023
10824 6804 8137330 1 1430 740 1023
10781 6829 8137340 1 1400 730 1023
10714 6857 8137350 1 1400 730 1023
10632 6864 8137360 1 1420 720 1023
10545 6856 8137370 1 1420 720 1023
10455 6829 8137380 1 1440 720 1023
10380 6765 8137390 1 1440 720 1023
10307 6676 8137400 1 1460 710 1023
10244 6484 8137410 1 1460 710 1023
10192 6116 8137420 1 1460 710 1023
10146 5632 8137430 1 1480 700 1023
10095 5065 8137440 1 1460 710 1023
10061 4523 8137450 1 1480 710 1023
10040 3997 8137460 1 1470 720 1023
9995 3662 8137470 1 1450 730 1023
9952 3446 8137480 1 1430 740 1023
9910 3310 8137490 1 1400 750 1023
9850 3239 8137491 1 1380 750 1023
9850 3239 8137501 1 1350 760 1023
9673 3232 8137511 1 1320 770 1023
9530 3300 8137521 1 1290 770 1023
9361 3384 8137531 1 1250 780 1023
9194 3479 8137541 1 1210 780 1023
9035 3506 8137551 1 1140 780 1023
8910 3431 8137561 1 1100 780 1023
8806 3287 8137571 1 1050 790 1023
8746 3117 8137581 1 1000 790 1023
8727 2975 8137591 1 990 780 1023
8734 2853 8137601 1 990 780 1023
8758 2791 8137611 1 990 770 1023
8820 2777 8137621 1 990 770 1023
8906 2796 8137631 1 990 770 1023
9031 2890 8137641 1 980 760 1023
9156 3043 8137651 1 980 760 1023
9280 3236 8137661 1 980 760 699
9414 3454 8137671 1 980 760 15
9837 4171 8137711 0 980 760 624
10294 4486 8137721 1 1020 760 1023
10476 4525 8137731 1 1020 760 1023
10615 4486 8137741 1 1030 770 1023
10734 4394 8137751 1 1030 770 1023
10817 4264 8137761 1 1030 770 1023
10877 4151 8137771 1 1040 780 1023
10877 4049 8137781 1 1040 780 1023
10825 3943 8137791 1 1040 780 1023
10737 3843 8137801 1 1040 780 1023
10631 3784 8137811 1 1050 790 770
