170
2589 5065 52504677 0 1320 480 284
2589 5065 52504687 1 1310 470 336
2491 5123 52504697 1 1300 470 373
2453 5123 52504707 1 1290 460 369
2461 5123 52504717 1 1300 470 371
2527 5123 52504727 1 1300 470 389
2631 5136 52504737 1 1300 470 418
2779 5156 52504747 1 1310 470 443
2957 5190 52504757 1 1310 470 439
3154 5240 52504767 1 1320 470 444
3377 5302 52504777 1 1330 470 353
3587 5359 52504787 1 1330 470 54
3289 6035 52504897 0 1350 490 400
3289 6035 52504907 1 1350 490 417
3154 6029 52504917 1 1360 480 417
3061 5953 52504927 1 1360 480 415
3056 5800 52504937 1 1370 470 449
3056 5592 52504947 1 1370 470 480
3037 5308 52504957 1 1370 470 520
3009 4973 52504967 1 1370 470 538
2998 4555 52504977 1 1370 470 554
3013 4093 52504987 1 1360 480 561
3045 3601 52504997 1 1360 480 537
3098 3214 52505007 1 1360 490 469
3160 2986 52505017 1 1350 500 314
3229 2865 52505028 1 1340 500 1
2878 4758 52505148 0 1230 510 247
2744 4478 52505158 1 1230 510 257
2547 4318 52505168 1 1240 500 264
2385 4091 52505178 1 1240 500 262
2270 3825 52505188 1 1250 500 180
2787 4791 52505268 0 1270 490 279
2989 4874 52505278 1 1280 490 306
3003 4884 52505288 1 1280 490 364
3039 4872 52505298 1 1290 500 428
3105 4845 52505308 1 1290 500 486
3190 4821 52505318 1 1290 500 507
3291 4791 52505328 1 1290 500 512
3392 4750 52505338 1 1290 500 509
3493 4702 52505348 1 1300 500 339
4170 5369 52505518 0 1270 460 636
4264 5184 52505528 1 1270 460 606
4231 5184 52505538 1 1270 460 606
4224 5236 52505548 1 1260 460 600
4260 5223 52505558 1 1260 440 599
4325 5209 52505568 1 1260 420 602
4481 5221 52505578 1 1260 410 603
4637 5250 52505588 1 1280 400 597
4773 5250 52505598 1 1290 410 545
4895 5267 52505608 1 1290 410 442
5001 5300 52505618 1 1300 410 274
4790 6290 52505729 0 1370 480 428
4796 6198 52505739 1 1370 480 443
4760 6153 52505749 1 1370 480 463
4701 6029 52505759 1 1370 480 488
4675 5807 52505769 1 1380 480 535
4642 5521 52505779 1 1380 480 569
4604 5168 52505789 1 1370 470 588
4572 4762 52505799 1 1360 480 599
4518 4320 52505809 1 1360 480 595
4449 3846 52505819 1 1360 480 581
4420 3492 52505829 1 1350 490 517
4420 3219 52505839 1 1340 490 394
4451 3105 52505849 1 1330 500 144
4421 4648 52505949 0 1240 530 494
4421 4648 52505959 1 1230 520 496
4421 4648 52505969 1 1230 520 499
4245 4619 52505979 1 1230 520 502
4098 4447 52505989 1 1230 520 504
3931 4247 52505999 1 1240 520 504
3750 4040 52506009 1 1240 520 455
3591 3828 52506019 1 1250 510 314
4335 4840 52506099 0 1260 490 320
4571 4873 52506109 1 1260 490 348
4580 4878 52506119 1 1270 500 441
4621 4818 52506129 1 1280 490 477
4682 4716 52506139 1 1280 490 491
4799 4628 52506139 1 1290 500 497
4920 4539 52506149 1 1290 500 480
5074 4461 52506159 1 1290 500 325
5248 4391 52506169 1 1300 510 70
6333 5724 52506470 0 1350 460 443
6430 5646 52506480 1 1350 460 491
6407 5673 52506490 1 1360 460 490
6361 5655 52506500 1 1360 460 496
6387 5607 52506510 1 1370 450 498
6417 5478 52506520 1 1370 450 495
6452 5328 52506530 1 1370 450 465
6488 5163 52506540 1 1380 460 335
6415 3927 52506640 0 1350 500 465
6450 3600 52506650 1 1340 500 513
6327 3526 52506660 1 1330 510 548
6280 3510 52506670 1 1330 510 561
6280 3510 52506680 1 1320 510 568
6291 3523 52506690 1 1300 520 568
6350 3611 52506700 1 1310 520 565
6442 3774 52506710 1 1300 530 535
6566 3986 52506720 1 1300 530 388
6717 4175 52506730 1 1300 530 53
7182 5724 52506860 0 1380 490 396
7195 5541 52506870 1 1380 490 410
7145 5492 52506880 1 1390 480 417
7056 5487 52506890 1 1390 480 418
7041 5336 52506900 1 1400 480 418
7030 5168 52506910 1 1400 480 405
7022 4989 52506920 1 1420 470 361
7015 4849 52506930 1 1420 480 324
7025 4769 52506940 1 1420 480 314
7037 4730 52506950 1 1420 480 304
7051 4730 52506960 1 1420 490 314
7068 4754 52506970 1 1420 490 274
7088 4798 52506980 1 1410 500 245
7130 4897 52506990 1 1420 500 221
7172 5003 52507000 1 1410 510 149
7200 5114 52507010 1 1420 520 132
7218 5228 52507020 1 1420 520 144
7218 5342 52507030 1 1420 520 247
7226 5455 52507040 1 1420 520 334
7245 5525 52507050 1 1420 520 387
7284 5581 52507060 1 1420 520 422
7365 5627 52507070 1 1420 520 464
7474 5670 52507080 1 1420 520 532
7623 5713 52507090 1 1420 520 586
7811 5753 52507100 1 1430 520 630
8024 5787 52507110 1 1440 510 669
8210 5799 52507120 1 1440 510 711
8403 5799 52507130 1 1460 520 737
8600 5768 52507140 1 1460 520 761
8772 5735 52507150 1 1470 520 773
8944 5698 52507151 1 1470 520 788
9116 5659 52507161 1 1480 530 796
9273 5612 52507171 1 1490 530 794
9404 5548 52507181 1 1500 540 794
9518 5473 52507191 1 1510 540 794
9553 5383 52507201 1 1530 550 793
9503 5266 52507211 1 1540 550 788
9395 5131 52507221 1 1540 550 754
9257 4986 52507231 1 1550 550 667
9113 4836 52507241 1 1570 560 501
8964 4696 52507251 1 1570 560 217
7292 4355 52507351 0 1540 550 391
7124 4244 52507361 1 1530 550 477
7035 4238 52507371 1 1510 540 522
7021 4265 52507381 1 1500 540 519
7084 4272 52507391 1 1490 550 557
7197 4323 52507401 1 1470 550 613
7455 4404 52507411 1 1460 540 650
7719 4490 52507421 1 1450 540 673
7993 4570 52507431 1 1450 540 690
8271 4632 52507441 1 1450 540 688
8521 4684 52507451 1 1440 540 667
8721 4729 52507461 1 1440 540 566
8887 4774 52507471 1 1450 550 274
8427 6876 52507621 0 1550 500 404
8427 6876 52507631 1 1550 490 422
8383 6967 52507641 1 1550 480 435
8308 6906 52507651 1 1550 470 468
8260 6768 52507661 1 1540 470 540
8214 6547 52507671 1 1550 460 616
8155 6225 52507681 1 1550 460 667
8086 5837 52507691 1 1560 450 733
8012 5429 52507701 1 1550 450 760
7938 4920 52507711 1 1560 450 787
7865 4345 52507721 1 1550 460 800
7829 3748 52507731 1 1540 470 809
7821 3223 52507741 1 1530 480 797
7831 2747 52507751 1 1520 490 790
7850 2369 52507761 1 1500 510 733
7873 2098 52507771 1 1490 530 589
7910 1899 52507781 1 1470 550 175
