157
1533 7222 75810910 0 1240 530 207
1535 7113 75810920 1 1260 510 214
1524 7061 75810930 1 1260 490 235
1515 6882 75810940 1 1260 490 281
1535 6631 75810950 1 1270 490 369
1555 6333 75810960 1 1270 490 456
1574 6001 75810970 1 1270 490 512
1584 5579 75810980 1 1290 490 562
1591 5096 75810990 1 1280 490 589
1591 4597 75811000 1 1270 500 620
1574 4154 75811010 1 1270 510 639
1555 3748 75811020 1 1240 520 652
1550 3485 75811030 1 1230 520 668
1558 3311 75811040 1 1190 530 673
1575 3197 75811050 1 1170 540 671
1580 3172 75811060 1 1140 550 664
1580 3207 75811070 1 1120 560 666
1568 3282 75811080 1 1090 570 661
1543 3462 75811090 1 1070 570 644
1516 3742 75811100 1 1040 570 614
1488 4088 75811110 1 1030 570 611
1481 4544 75811120 1 1010 580 595
1505 5029 75811130 1 1000 580 591
1549 5534 75811140 1 1000 580 592
1653 5973 75811150 1 1000 580 589
1775 6342 75811160 1 1000 580 561
1908 6664 75811170 1 1010 580 540
2073 6914 75811180 1 1050 580 521
2235 7068 75811190 1 1060 580 510
2395 7157 75811200 1 1110 570 505
2555 7182 75811210 1 1130 570 509
2717 7130 75811220 1 1160 560 516
2843 7026 75811230 1 1170 560 548
2943 6844 75811240 1 1210 560 584
3029 6638 75811250 1 1220 560 622
3077 6416 75811260 1 1250 550 668
3099 6180 75811270 1 1260 540 688
3077 5939 75811280 1 1290 550 700
3015 5686 75811290 1 1290 550 699
2927 5459 75811300 1 1290 550 700
2820 5249 75811310 1 1310 550 697
2692 5080 75811320 1 1300 550 702
2551 4981 75811330 1 1300 550 710
2418 4928 75811340 1 1300 550 700
2297 4965 75811350 1 1270 550 710
2184 5062 75811360 1 1260 560 705
2089 5198 75811370 1 1250 560 708
2025 5325 75811380 1 1230 560 717
1982 5405 75811390 1 1230 560 716
1971 5453 75811400 1 1220 570 711
1983 5453 75811410 1 1220 570 716
2009 5453 75811420 1 1200 570 719
2100 5384 75811430 1 1200 570 728
2230 5270 75811440 1 1200 570 731
2385 5108 75811450 1 1200 570 751
2580 4918 75811460 1 1190 560 758
2801 4709 75811470 1 1180 570 756
3039 4526 75811480 1 1180 570 768
3297 4370 75811490 1 1180 570 771
3554 4232 75811500 1 1160 570 768
3810 4149 75811510 1 1160 570 771
4049 4124 75811520 1 1160 570 770
4294 4139 75811530 1 1150 580 759
4519 4210 75811540 1 1150 580 757
4728 4318 75811550 1 1150 580 758
4913 4450 75811560 1 1130 570 751
5064 4584 75811570 1 1130 570 734
5193 4716 75811580 1 1130 570 725
5287 4807 75811590 1 1130 570 722
5327 4873 75811600 1 1130 570 727
5327 4873 75811610 1 1120 560 727
5316 4852 75811620 1 1130 560 727
5292 4809 75811630 1 1130 560 739
5260 4689 75811640 1 1130 560 754
5241 4543 75811650 1 1130 560 771
5252 4379 75811660 1 1130 560 790
5283 4200 75811670 1 1150 550 790
5350 4058 75811680 1 1150 550 790
5448 3942 75811690 1 1150 550 790
5567 3881 75811700 1 1150 550 791
5718 3881 75811710 1 1170 560 790
5875 3926 75811720 1 1170 560 796
6011 4022 75811730 1 1170 560 797
6132 4150 75811740 1 1170 560 794
6238 4299 75811750 1 1170 560 793
6299 4462 75811760 1 1170 560 785
6331 4624 75811770 1 1170 560 773
6314 4784 75811780 1 1170 560 768
6264 4906 75811790 1 1180 570 773
6193 5003 75811800 1 1180 570 777
6110 5042 75811810 1 1180 570 780
6028 5054 75811820 1 1180 570 794
5979 5047 75811830 1 1180 570 793
5951 5036 75811840 1 1190 560 796
5951 4992 75811850 1 1190 560 796
6014 4927 75811860 1 1190 560 808
6109 4845 75811870 1 1210 560 812
6273 4790 75811880 1 1210 560 817
6484 4752 75811890 1 1210 560 809
6726 4778 75811900 1 1220 570 797
7001 4865 75811910 1 1220 570 793
7271 4992 75811920 1 1220 570 770
7538 5158 75811930 1 1220 570 743
7777 5357 75811940 1 1230 560 722
7960 5579 75811950 1 1240 570 675
8105 5792 75811960 1 1240 570 638
8186 5998 75811970 1 1230 580 628
8218 6200 75811980 1 1230 580 627
8218 6401 75811990 1 1240 580 630
8170 6480 75812000 1 1240 580 634
8086 6480 75812010 1 1260 580 644
7978 6392 75812020 1 1260 580 693
7856 6236 75812030 1 1270 590 734
7760 6032 75812040 1 1270 590 784
7681 5758 75812050 1 1270 590 824
7639 5455 75812060 1 1280 580 858
7617 5133 75812070 1 1280 580 869
7607 4791 75812080 1 1280 580 875
7623 4492 75812090 1 1280 580 873
7665 4223 75812100 1 1280 580 870
7724 4055 75812110 1 1270 590 870
7802 3975 75812120 1 1270 590 866
7881 3955 75812130 1 1270 590 863
7964 4007 75812140 1 1250 590 861
8063 4132 75812150 1 1250 590 853
8174 4307 75812160 1 1240 600 858
8325 4501 75812170 1 1220 600 858
8515 4669 75812180 1 1220 600 855
8731 4760 75812190 1 1220 600 857
8959 4808 75812200 1 1200 600 860
9127 4767 75812210 1 1200 600 861
9256 4693 75812220 1 1190 610 867
9356 4596 75812230 1 1190 610 857
9421 4492 75812240 1 1190 610 875
9463 4388 75812250 1 1200 620 906
9500 4285 75812260 1 1200 620 896
9537 4198 75812270 1 1200 620 899
9610 4137 75812280 1 1200 620 902
9706 4094 75812290 1 1200 620 906
9868 4094 75812300 1 1200 620 853
10073 4157 75812310 1 1210 630 806
10306 4259 75812320 1 1210 630 770
10564 4397 75812330 1 1230 620 762
10794 4503 75812340 1 1240 630 768
11004 4588 75812350 1 1240 630 793
11167 4627 75812360 1 1240 630 785
11314 4634 75812362 1 1240 630 788
11449 4619 75812372 1 1250 640 498
10401 5004 75812482 0 1230 620 320
10128 4809 75812492 1 1240 620 866
9973 4842 75812502 1 1240 620 794
9923 4837 75812512 1 1230 610 699
9943 4806 75812522 1 1230 610 177
8179 5135 75812642 0 1290 610 790
7923 4909 75812652 1 1290 610 759
7796 4951 75812662 1 1280 610 619
7767 4915 75812672 1 1280 610 136
