148
1530 6939 75806674 0 1170 360 306
1530 7235 75806684 1 1180 370 359
1498 7301 75806694 1 1190 380 371
1468 7364 75806704 1 1200 390 374
1441 7320 75806714 1 1210 410 392
1427 7207 75806724 1 1220 410 436
1415 6971 75806734 1 1240 430 473
1415 6621 75806744 1 1240 440 538
1415 6196 75806754 1 1240 460 580
1420 5630 75806764 1 1250 460 605
1426 5058 75806774 1 1250 480 644
1437 4481 75806784 1 1260 500 681
1449 4018 75806794 1 1240 520 690
1469 3660 75806804 1 1230 530 711
1490 3372 75806814 1 1200 540 722
1505 3148 75806824 1 1170 550 727
1514 3015 75806834 1 1160 560 730
1514 2943 75806844 1 1140 570 731
1502 2949 75806854 1 1110 570 705
1483 3079 75806864 1 1080 580 682
1439 3291 75806874 1 1060 580 661
1395 3605 75806884 1 1030 580 647
1376 4032 75806894 1 1020 580 646
1376 4534 75806904 1 980 590 638
1410 5036 75806914 1 970 590 643
1492 5544 75806924 1 970 590 636
1605 6055 75806934 1 990 600 647
1727 6451 75806944 1 1000 600 645
1822 6695 75806954 1 1020 590 647
1898 6839 75806964 1 1060 600 628
1973 6847 75806974 1 1080 600 617
2069 6784 75806984 1 1110 590 622
2180 6673 75806994 1 1140 590 628
2285 6470 75807004 1 1170 590 647
2373 6219 75807014 1 1180 590 647
2449 5936 75807024 1 1210 580 659
2493 5612 75807034 1 1240 580 690
2493 5321 75807044 1 1260 580 705
2468 5053 75807054 1 1270 570 728
2407 4787 75807064 1 1300 580 724
2330 4584 75807074 1 1300 580 733
2242 4423 75807084 1 1300 580 737
2150 4323 75807094 1 1300 580 731
2059 4298 75807104 1 1280 580 730
1967 4324 75807114 1 1270 590 727
1880 4411 75807124 1 1250 590 727
1796 4514 75807134 1 1250 590 739
1736 4627 75807144 1 1240 600 749
1709 4690 75807154 1 1220 600 748
1703 4708 75807164 1 1220 600 749
1714 4697 75807174 1 1200 600 754
1782 4652 75807184 1 1190 610 763
1889 4544 75807194 1 1190 610 763
2059 4394 75807204 1 1190 610 770
2270 4204 75807214 1 1180 600 776
2507 3991 75807224 1 1180 600 767
2787 3764 75807234 1 1160 600 767
3059 3602 75807244 1 1160 600 756
3325 3512 75807254 1 1160 600 761
3578 3471 75807264 1 1140 610 748
3801 3498 75807275 1 1140 610 746
4003 3596 75807285 1 1140 610 740
4174 3742 75807295 1 1140 610 736
4304 3937 75807305 1 1130 600 730
4407 4131 75807315 1 1130 600 727
4489 4284 75807325 1 1130 590 722
4536 4409 75807335 1 1130 590 722
4560 4439 75807345 1 1130 590 725
4552 4433 75807355 1 1120 580 725
4535 4402 75807365 1 1120 580 730
4511 4311 75807375 1 1130 580 749
4490 4178 75807385 1 1130 580 784
4507 4016 75807395 1 1130 570 803
4549 3841 75807405 1 1130 570 815
4643 3703 75807415 1 1130 570 818
4768 3591 75807425 1 1140 570 820
4913 3550 75807435 1 1140 570 820
5057 3569 75807445 1 1160 560 818
5202 3628 75807455 1 1160 560 808
5322 3754 75807465 1 1160 560 808
5424 3908 75807475 1 1160 570 806
5476 4082 75807485 1 1160 570 808
5476 4263 75807495 1 1160 570 806
5451 4437 75807505 1 1160 570 806
5406 4607 75807515 1 1160 570 808
5360 4681 75807525 1 1160 570 817
5312 4704 75807535 1 1170 580 829
5285 4694 75807545 1 1170 580 829
5285 4694 75807555 1 1170 580 818
5313 4647 75807565 1 1160 580 833
5394 4575 75807575 1 1160 580 842
5528 4529 75807585 1 1160 580 846
5698 4529 75807595 1 1160 580 842
5936 4553 75807605 1 1170 580 818
6174 4641 75807615 1 1170 580 794
6439 4809 75807625 1 1170 580 773
6722 5031 75807635 1 1180 590 754
6971 5262 75807645 1 1200 580 758
7150 5503 75807655 1 1200 580 730
7281 5752 75807665 1 1210 590 697
7387 5986 75807675 1 1210 590 688
7444 6133 75807685 1 1230 590 696
7467 6222 75807695 1 1240 600 699
7458 6235 75807705 1 1250 590 711
7412 6136 75807715 1 1250 590 761
7341 5962 75807725 1 1270 590 794
7275 5695 75807735 1 1280 590 840
7215 5426 75807745 1 1280 590 885
7167 5131 75807755 1 1290 590 909
7124 4819 75807765 1 1290 590 929
7103 4552 75807775 1 1310 600 950
7095 4318 75807785 1 1310 600 951
7119 4106 75807795 1 1310 600 948
7167 3964 75807805 1 1310 600 942
7230 3908 75807815 1 1290 600 941
7305 3908 75807825 1 1290 600 929
7398 3982 75807835 1 1290 600 911
7502 4107 75807845 1 1280 610 897
7633 4267 75807855 1 1260 610 896
7795 4386 75807865 1 1240 620 899
7977 4445 75807875 1 1240 620 905
8136 4463 75807885 1 1230 620 909
8296 4429 75807895 1 1230 620 915
8430 4365 75807905 1 1210 630 915
8546 4282 75807915 1 1210 630 911
8657 4204 75807925 1 1210 630 905
8773 4166 75807926 1 1210 630 854
8917 4155 75807936 1 1210 630 829
9078 4203 75807946 1 1210 630 811
9255 4296 75807956 1 1210 630 808
9450 4418 75807966 1 1210 630 818
9657 4514 75807976 1 1210 630 854
9856 4541 75807986 1 1220 630 894
10063 4522 75807996 1 1220 630 921
10274 4464 75808006 1 1240 630 920
10487 4402 75808016 1 1250 640 875
10686 4338 75808026 1 1250 640 643
11080 4785 75808106 0 1320 640 619
10860 4909 75808116 1 1320 640 694
10781 4909 75808126 1 1320 640 721
10717 4888 75808136 1 1330 630 728
10685 4866 75808146 1 1330 630 730
10675 4824 75808156 1 1330 630 624
8882 5040 75808266 0 1320 610 676
8361 4931 75808276 1 1320 610 693
8162 4910 75808286 1 1320 610 696
8087 4928 75808296 1 1320 600 694
8048 4906 75808306 1 1320 600 575
