188
1899 5347 8776580 0 1300 540 27
1926 5465 8776590 1 1290 520 101
1943 5523 8776600 1 1290 510 175
1986 5587 8776610 1 1280 500 239
2045 5669 8776620 1 1280 490 280
2149 5779 8776630 1 1280 490 314
2274 5907 8776640 1 1280 490 337
2413 6035 8776650 1 1280 490 349
2575 6145 8776660 1 1290 500 361
2742 6242 8776670 1 1290 500 369
2883 6319 8776680 1 1300 500 367
3006 6366 8776690 1 1300 500 379
3125 6394 8776700 1 1300 500 391
3217 6383 8776710 1 1320 490 389
3292 6342 8776720 1 1320 490 394
3335 6281 8776730 1 1330 480 399
3341 6177 8776740 1 1330 480 397
3322 6020 8776750 1 1330 480 400
3249 5829 8776760 1 1340 480 402
3136 5639 8776770 1 1350 490 410
2995 5437 8776780 1 1350 490 427
2869 5226 8776790 1 1350 490 448
2760 5041 8776800 1 1350 490 468
2663 4907 8776810 1 1350 490 491
2612 4808 8776820 1 1340 490 486
2612 4795 8776830 1 1340 490 488
2641 4816 8776840 1 1340 490 486
2722 4859 8776850 1 1320 490 486
2827 4946 8776860 1 1320 490 490
2949 5036 8776870 1 1320 490 490
3106 5129 8776880 1 1320 490 491
3252 5191 8776890 1 1300 500 498
3391 5218 8776900 1 1300 500 488
3493 5218 8776910 1 1300 500 491
3537 5160 8776920 1 1300 500 494
3543 5043 8776930 1 1300 500 494
3486 4888 8776940 1 1300 500 494
3382 4668 8776950 1 1300 500 502
3246 4441 8776960 1 1300 500 512
3086 4210 8776970 1 1290 500 545
2930 3990 8776980 1 1290 500 583
2831 3828 8776990 1 1290 500 591
2769 3706 8777000 1 1280 500 568
2769 3690 8777010 1 1280 500 562
2847 3740 8777020 1 1280 500 532
2974 3834 8777030 1 1280 500 514
3177 3980 8777040 1 1280 500 514
3401 4126 8777050 1 1280 500 532
3639 4226 8777060 1 1280 520 548
3860 4295 8777070 1 1280 520 562
3999 4232 8777080 1 1280 520 561
4084 4103 8777090 1 1280 520 561
4119 3931 8777100 1 1270 520 564
4096 3692 8777110 1 1270 520 569
4034 3459 8777120 1 1270 520 592
3933 3229 8777130 1 1250 530 595
3811 2975 8777140 1 1270 530 592
3675 2793 8777150 1 1270 530 595
3600 2659 8777160 1 1270 530 515
3576 2687 8777170 1 1250 540 294
3585 2859 8777180 1 1250 540 65
3603 3126 8777190 1 1250 540 1
3621 3482 8777200 1 1250 540 39
3656 3836 8777210 1 1240 540 122
3702 4188 8777220 1 1240 540 171
3772 4570 8777230 1 1240 540 219
3848 4867 8777240 1 1230 530 272
3934 5108 8777250 1 1230 530 309
4059 5344 8777260 1 1230 530 384
4209 5570 8777270 1 1220 530 433
4387 5789 8777280 1 1230 520 440
4605 6001 8777290 1 1230 520 447
4849 6175 8777301 1 1230 510 455
5060 6323 8777311 1 1250 510 455
5258 6430 8777321 1 1260 500 452
5448 6438 8777331 1 1270 500 443
5549 6379 8777341 1 1290 500 443
5569 6224 8777351 1 1300 500 445
5534 5968 8777361 1 1320 490 445
5413 5646 8777371 1 1320 490 448
5233 5278 8777381 1 1330 500 464
5014 4901 8777391 1 1340 490 544
4805 4519 8777401 1 1340 490 619
4597 4203 8777411 1 1330 500 638
4482 3981 8777421 1 1330 500 646
4427 3822 8777431 1 1340 500 638
4437 3774 8777441 1 1330 510 639
4499 3812 8777451 1 1330 510 634
4596 3907 8777461 1 1320 510 636
4736 4093 8777471 1 1320 510 633
4877 4336 8777481 1 1300 520 628
5022 4618 8777491 1 1300 520 619
5181 4935 8777501 1 1290 520 609
5348 5273 8777511 1 1270 520 560
5493 5625 8777521 1 1270 520 516
5607 5950 8777531 1 1270 520 497
5701 6230 8777541 1 1280 530 499
5731 6481 8777551 1 1290 520 502
5701 6663 8777561 1 1290 520 524
5632 6773 8777571 1 1300 520 538
5564 6835 8777581 1 1320 510 540
5455 6810 8777591 1 1320 510 542
5319 6662 8777601 1 1330 510 546
5160 6432 8777611 1 1340 500 556
5003 6094 8777621 1 1350 500 584
4858 5656 8777631 1 1350 500 620
4719 5152 8777641 1 1360 490 644
4631 4577 8777651 1 1360 490 659
4612 4003 8777661 1 1360 490 673
4638 3429 8777671 1 1360 490 669
4740 2986 8777681 1 1350 500 672
4874 2711 8777691 1 1340 500 684
5029 2547 8777701 1 1330 510 690
5206 2496 8777711 1 1320 510 707
5409 2535 8777721 1 1300 520 724
5628 2634 8777731 1 1280 530 721
5831 2894 8777741 1 1280 540 721
5979 3211 8777751 1 1260 540 658
6090 3565 8777761 1 1240 550 592
6150 3934 8777771 1 1220 560 536
6139 4245 8777781 1 1220 570 515
6081 4518 8777791 1 1200 570 514
5952 4655 8777801 1 1190 580 530
5758 4661 8777811 1 1190 580 567
5521 4580 8777821 1 1190 580 609
5274 4412 8777831 1 1190 580 656
5071 4197 8777841 1 1190 580 694
4898 3951 8777851 1 1200 570 722
4881 3718 8777861 1 1200 570 752
5004 3504 8777871 1 1220 570 750
5220 3302 8777881 1 1220 570 767
5530 3079 8777891 1 1230 560 759
5863 2864 8777901 1 1230 560 767
6211 2703 8777911 1 1230 560 748
6551 2576 8777921 1 1240 570 724
6895 2520 8777931 1 1240 570 664
7207 2495 8777941 1 1230 580 586
7495 2495 8777951 1 1240 580 486
7764 2537 8777961 1 1230 590 117
7471 4658 8778132 0 1280 570 301
7338 4846 8778152 1 1290 560 317
7318 4946 8778162 1 1290 550 309
7346 5046 8778172 1 1300 540 304
7408 5130 8778182 1 1310 540 334
7515 5205 8778192 1 1310 540 367
7653 5288 8778202 1 1330 530 405
7854 5387 8778212 1 1340 540 414
8078 5496 8778222 1 1340 540 418
8318 5593 8778232 1 1350 530 420
8561 5665 8778242 1 1350 530 422
8762 5721 8778252 1 1360 540 423
8935 5744 8778262 1 1360 540 431
9043 5735 8778272 1 1360 550 443
9106 5705 8778282 1 1360 550 450
9138 5638 8778292 1 1380 550 458
9118 5527 8778302 1 1380 550 461
9026 5386 8778312 1 1390 560 456
8887 5196 8778322 1 1390 560 465
8676 4980 8778332 1 1390 560 483
8446 4748 8778342 1 1400 560 537
8203 4545 8778352 1 1400 560 599
8021 4369 8778362 1 1400 560 640
7902 4210 8778372 1 1400 560 659
7825 4128 8778382 1 1400 560 671
7832 4095 8778392 1 1400 560 688
7907 4095 8778402 1 1400 560 691
8026 4120 8778412 1 1400 560 696
8198 4196 8778422 1 1400 560 707
8421 4306 8778432 1 1400 560 708
8679 4449 8778442 1 1400 560 708
8968 4588 8778452 1 1400 560 713
9230 4702 8778462 1 1400 560 717
9475 4802 8778472 1 1400 560 697
9651 4827 8778482 1 1390 570 666
9722 4761 8778492 1 1390 570 633
9722 4635 8778502 1 1390 570 589
9604 4438 8778512 1 1400 580 567
9379 4178 8778522 1 1400 580 569
9085 3877 8778532 1 1400 580 595
8725 3544 8778542 1 1420 580 702
8377 3229 8778552 1 1420 580 794
8037 2926 8778562 1 1420 580 864
7856 2688 8778572 1 1420 580 908
7856 2583 8778582 1 1420 580 935
7982 2567 8778592 1 1420 580 949
8312 2664 8778602 1 1420 580 937
8858 2896 8778612 1 1420 580 853
9547 3218 8778622 1 1420 580 494
