222
3422 5794 276747 0 1410 680 417
3422 5794 276757 1 1420 660 405
3422 5794 276767 1 1430 640 409
3422 5794 276777 1 1430 630 433
3422 5794 276787 1 1430 620 499
3519 5807 276797 1 1420 610 562
3541 5831 276807 1 1430 590 586
3569 5862 276817 1 1430 570 614
3606 5909 276827 1 1440 570 613
3663 5975 276837 1 1440 560 617
3733 6053 276847 1 1450 550 619
3780 6127 276857 1 1450 550 614
3806 6196 276867 1 1460 540 619
3817 6257 276877 1 1470 550 630
3803 6312 276887 1 1470 550 645
3761 6349 276897 1 1470 550 652
3701 6375 276907 1 1470 550 670
3621 6375 276917 1 1470 550 697
3537 6330 276927 1 1490 550 702
3450 6262 276937 1 1500 540 728
3340 6180 276947 1 1500 540 746
3265 6095 276957 1 1520 540 763
3214 6014 276967 1 1520 540 757
3191 5937 276977 1 1530 530 759
3191 5874 276987 1 1530 530 756
3205 5826 276997 1 1520 540 760
3241 5788 277007 1 1520 540 760
3280 5768 277017 1 1520 540 760
3327 5760 277027 1 1510 540 756
3377 5760 277037 1 1510 540 757
3427 5760 277047 1 1500 550 757
3464 5760 277057 1 1500 550 756
3493 5747 277067 1 1490 560 759
3520 5708 277077 1 1480 560 770
3538 5653 277087 1 1480 560 784
3551 5545 277097 1 1470 560 785
3551 5402 277107 1 1470 560 806
3536 5236 277117 1 1460 570 817
3508 5072 277127 1 1440 570 851
3468 4907 277137 1 1440 570 867
3418 4742 277147 1 1430 570 909
3361 4614 277157 1 1430 570 935
3296 4503 277167 1 1430 570 953
3223 4404 277177 1 1420 570 988
3144 4320 277187 1 1420 570 991
3049 4260 277197 1 1420 570 1008
2947 4217 277207 1 1420 570 1011
2839 4196 277217 1 1420 570 1009
2718 4202 277227 1 1420 570 1003
2591 4227 277237 1 1420 570 981
2459 4290 277247 1 1420 570 940
2350 4387 277257 1 1420 570 893
2270 4507 277267 1 1400 580 802
2208 4622 277277 1 1400 580 652
2208 4720 277287 1 1400 580 249
4597 5821 277519 0 1530 480 335
4597 5913 277529 1 1530 480 336
4597 5985 277539 1 1540 490 342
4597 6061 277549 1 1540 490 344
4597 6141 277559 1 1550 490 394
4592 6215 277569 1 1540 500 466
4567 6263 277579 1 1540 500 515
4532 6297 277589 1 1530 510 548
4510 6308 277599 1 1530 510 561
4510 6308 277609 1 1530 520 586
4349 6236 277619 1 1530 520 638
4248 6136 277629 1 1530 520 687
4150 5993 277639 1 1520 530 722
4054 5821 277649 1 1520 530 749
4001 5699 277659 1 1520 530 758
3984 5612 277669 1 1510 530 750
3992 5549 277679 1 1490 530 753
4025 5505 277689 1 1490 530 757
4084 5484 277699 1 1480 540 756
4160 5479 277709 1 1480 540 754
4274 5526 277719 1 1480 540 728
4389 5598 277729 1 1460 540 702
4507 5688 277739 1 1460 540 673
4599 5775 277749 1 1460 540 667
4673 5858 277759 1 1460 540 673
4710 5935 277769 1 1450 540 702
4722 5974 277779 1 1450 540 721
4717 5989 277789 1 1450 540 736
4717 5989 277799 1 1450 540 727
4717 5984 277809 1 1450 540 731
4717 5947 277819 1 1460 540 754
4701 5890 277829 1 1460 540 788
4676 5793 277839 1 1470 530 793
4662 5699 277849 1 1470 530 805
4654 5608 277859 1 1470 530 812
4649 5525 277869 1 1470 530 818
4664 5460 277879 1 1460 530 827
4699 5407 277889 1 1460 530 832
4748 5378 277899 1 1460 530 830
4815 5378 277909 1 1470 530 818
4884 5405 277919 1 1470 530 818
4978 5466 277929 1 1470 530 791
5089 5547 277939 1 1460 540 768
5217 5641 277949 1 1460 540 727
5345 5753 277959 1 1460 540 676
5472 5907 277969 1 1460 550 646
5583 6089 277979 1 1460 550 646
5685 6242 277989 1 1460 550 670
5745 6337 277999 1 1480 560 703
5769 6393 278009 1 1480 560 751
5769 6424 278019 1 1500 550 777
5769 6433 278029 1 1500 550 777
5764 6427 278039 1 1530 550 780
5758 6418 278049 1 1530 550 790
5725 6351 278059 1 1540 550 803
5678 6246 278069 1 1550 540 826
5621 6117 278079 1 1560 550 834
5569 5963 278089 1 1560 550 860
5519 5793 278099 1 1570 540 858
5494 5675 278109 1 1570 540 867
5484 5586 278119 1 1570 540 873
5501 5516 278129 1 1570 540 875
5523 5466 278139 1 1570 540 882
5565 5438 278149 1 1550 540 882
5618 5425 278159 1 1550 540 875
5681 5439 278169 1 1550 540 849
5755 5478 278179 1 1540 550 784
5837 5535 278189 1 1540 550 725
5889 5588 278199 1 1540 550 633
5908 5639 278209 1 1530 560 538
5908 5682 278219 1 1530 560 467
5866 5717 278229 1 1530 560 456
5792 5739 278239 1 1520 570 466
5696 5753 278249 1 1520 570 468
5603 5772 278259 1 1520 570 490
5509 5793 278269 1 1520 570 513
5414 5816 278279 1 1520 570 595
5338 5842 278289 1 1520 570 649
5296 5866 278299 1 1520 570 708
5276 5885 278309 1 1520 570 746
5276 5898 278319 1 1520 570 750
5282 5912 278329 1 1520 570 771
5324 5942 278339 1 1530 560 790
5388 5983 278349 1 1530 560 793
5482 6027 278359 1 1540 550 791
5582 6066 278369 1 1540 550 770
5690 6098 278379 1 1540 550 691
5794 6108 278389 1 1530 540 556
5860 6108 278399 1 1530 540 316
5841 5945 278450 0 1550 520 151
5808 5848 278460 1 1560 530 311
5808 5829 278470 1 1560 530 399
5818 5801 278480 1 1560 530 468
5848 5767 278490 1 1560 530 548
5883 5747 278500 1 1560 550 617
5931 5742 278510 1 1560 550 662
6000 5742 278520 1 1550 550 675
6081 5767 278530 1 1550 550 690
6178 5804 278540 1 1540 560 690
6275 5853 278550 1 1540 560 696
6374 5913 278560 1 1540 560 696
6461 5976 278570 1 1560 570 694
6542 6041 278580 1 1560 570 696
6605 6107 278590 1 1560 570 697
6645 6168 278600 1 1570 570 696
6670 6221 278610 1 1570 570 702
6670 6255 278620 1 1570 570 702
6643 6277 278630 1 1580 560 707
6607 6282 278640 1 1580 560 707
6545 6253 278650 1 1580 560 713
6459 6202 278660 1 1590 550 728
6358 6121 278670 1 1590 550 742
6277 6027 278680 1 1590 550 762
6221 5924 278690 1 1600 540 783
6181 5812 278700 1 1600 540 820
6171 5716 278710 1 1600 540 818
6189 5647 278720 1 1600 540 837
6225 5591 278730 1 1600 540 858
6298 5554 278740 1 1590 550 867
6395 5547 278750 1 1590 550 855
6509 5560 278760 1 1590 550 866
6644 5611 278770 1 1570 560 845
6799 5687 278780 1 1570 560 824
6966 5781 278790 1 1560 570 794
7103 5893 278800 1 1560 570 754
7223 6003 278810 1 1560 570 752
7332 6108 278820 1 1570 570 752
7411 6207 278830 1 1570 570 758
7451 6278 278840 1 1570 570 767
7464 6331 278850 1 1590 570 784
7454 6354 278860 1 1590 570 794
7445 6374 278870 1 1590 570 802
7429 6374 278880 1 1610 570 802
7407 6360 278890 1 1610 570 811
7374 6319 278900 1 1610 570 829
7334 6253 278911 1 1630 570 833
7289 6171 278921 1 1630 560 848
7271 6091 278931 1 1650 560 861
7259 6019 278941 1 1650 550 863
7274 5953 278951 1 1670 550 884
7304 5884 278961 1 1670 550 903
7362 5817 278971 1 1670 550 902
7441 5765 278981 1 1670 550 921
7533 5723 278991 1 1660 560 933
7632 5683 279001 1 1650 560 942
7728 5642 279011 1 1650 560 935
7816 5599 279021 1 1640 570 943
7898 5554 279031 1 1640 570 949
7954 5507 279041 1 1640 570 959
7980 5454 279051 1 1640 580 976
7985 5401 279061 1 1640 580 979
7960 5335 279071 1 1630 590 1003
7900 5260 279081 1 1630 590 1023
7817 5188 279091 1 1630 590 1023
7708 5118 279101 1 1620 600 1023
7582 5058 279111 1 1620 600 1023
7445 5005 279121 1 1620 600 1023
7276 4958 279131 1 1620 600 1023
7113 4918 279141 1 1620 600 1023
6955 4884 279151 1 1620 600 1023
6836 4862 279161 1 1620 600 1023
6760 4851 279171 1 1610 600 1023
6712 4851 279181 1 1610 600 1023
6692 4857 279191 1 1590 590 999
6676 4873 279201 1 1590 590 939
6665 4894 279211 1 1570 590 803
6658 4915 279221 1 1570 580 502
