166
2650 4986 52512318 0 1230 480 339
2650 4986 52512328 1 1220 480 371
2571 5033 52512338 1 1220 480 397
2535 5074 52512348 1 1220 480 400
2575 5086 52512358 1 1220 480 431
2691 5119 52512368 1 1220 480 483
2857 5167 52512378 1 1230 480 512
3036 5219 52512388 1 1230 480 524
3250 5281 52512398 1 1230 480 521
3488 5349 52512408 1 1250 480 517
3722 5407 52512418 1 1250 480 407
3899 5452 52512428 1 1270 490 144
3688 6258 52512538 0 1340 480 381
3650 6174 52512548 1 1350 470 377
3605 6121 52512558 1 1340 470 389
3540 6004 52512568 1 1340 470 431
3502 5773 52512578 1 1350 460 496
3460 5467 52512588 1 1350 460 536
3416 5088 52512598 1 1350 460 586
3388 4660 52512608 1 1350 460 619
3388 4199 52512618 1 1340 470 627
3409 3655 52512628 1 1340 470 625
3441 3196 52512638 1 1330 470 583
3487 2793 52512648 1 1320 480 520
3541 2548 52512658 1 1320 490 404
3588 2452 52512668 1 1300 500 104
3238 4904 52512779 0 1220 530 381
3315 4911 52512789 1 1230 520 379
3161 4860 52512799 1 1240 520 381
3009 4659 52512809 1 1250 510 381
2842 4357 52512819 1 1260 500 372
2664 4084 52512829 1 1260 500 358
2494 3866 52512839 1 1260 490 294
2416 3686 52512849 1 1260 490 75
3050 4784 52512929 0 1260 480 369
3292 4923 52512939 1 1260 480 376
3336 4939 52512949 1 1260 480 394
3358 4928 52512959 1 1260 480 423
3419 4886 52512969 1 1260 480 447
3507 4824 52512979 1 1260 480 471
3614 4756 52512989 1 1270 490 464
3733 4692 52512999 1 1270 490 464
3859 4631 52513009 1 1270 490 369
4633 5410 52513159 0 1320 500 532
4790 5358 52513169 1 1320 500 545
4795 5374 52513179 1 1330 500 543
4768 5403 52513189 1 1340 490 550
4866 5403 52513199 1 1360 490 553
4993 5384 52513209 1 1360 490 557
5140 5393 52513219 1 1360 490 557
5284 5404 52513229 1 1380 490 556
5416 5417 52513239 1 1380 490 538
5541 5436 52513249 1 1380 490 394
5544 6231 52513360 0 1410 500 339
5544 6231 52513370 1 1410 500 373
5439 6174 52513380 1 1420 490 417
5396 6076 52513390 1 1420 490 512
5354 5868 52513400 1 1420 490 605
5300 5577 52513410 1 1430 490 670
5239 5232 52513420 1 1430 490 699
5154 4764 52513430 1 1420 490 691
5071 4282 52513440 1 1420 490 699
5010 3790 52513450 1 1420 490 699
4962 3390 52513460 1 1410 500 699
4944 3072 52513470 1 1380 500 666
4958 2810 52513480 1 1370 510 624
4993 2657 52513490 1 1360 510 466
5037 2613 52513500 1 1360 520 110
5072 4741 52513610 0 1230 550 486
5031 4661 52513620 1 1230 530 495
4869 4617 52513630 1 1230 530 498
4676 4447 52513630 1 1230 520 494
4487 4234 52513640 1 1230 520 496
4298 3993 52513650 1 1240 520 489
4157 3802 52513660 1 1250 510 443
4049 3719 52513670 1 1250 510 165
4948 4720 52513750 0 1260 500 314
5324 4752 52513760 1 1260 500 341
5286 4731 52513770 1 1260 500 450
5344 4680 52513780 1 1260 500 515
5465 4579 52513790 1 1270 510 530
5605 4445 52513800 1 1270 510 530
5774 4366 52513810 1 1270 510 505
5963 4258 52513820 1 1280 520 346
7211 5753 52514051 0 1350 470 392
7202 5833 52514061 1 1350 460 448
7112 5865 52514071 1 1360 460 474
7088 5858 52514081 1 1360 450 467
7110 5816 52514091 1 1370 440 475
7153 5752 52514101 1 1370 450 485
7211 5619 52514111 1 1370 450 488
7278 5486 52514121 1 1380 460 486
7339 5352 52514131 1 1370 460 485
7387 5168 52514141 1 1370 460 417
7426 4980 52514151 1 1380 470 1
7007 3552 52514251 0 1330 520 522
6905 3260 52514261 1 1300 520 526
6799 3196 52514271 1 1300 520 557
6756 3180 52514281 1 1290 520 559
6756 3189 52514291 1 1290 520 565
6805 3215 52514301 1 1270 520 568
6896 3309 52514311 1 1250 530 567
7013 3436 52514321 1 1250 530 554
7156 3586 52514331 1 1250 530 464
7348 3766 52514341 1 1250 530 232
8049 5683 52514501 0 1380 480 391
7976 5483 52514511 1 1380 470 389
7903 5423 52514521 1 1390 460 405
7834 5293 52514531 1 1400 450 420
7817 5116 52514541 1 1410 440 447
7802 4869 52514541 1 1410 430 456
7809 4642 52514551 1 1410 430 453
7829 4429 52514561 1 1400 430 398
7886 4248 52514571 1 1400 430 207
7964 4164 52514581 1 1400 450 90
8056 4146 52514591 1 1390 450 1
7944 4949 52514682 0 1370 520 334
7925 5184 52514692 1 1390 520 344
7960 5259 52514702 1 1390 520 394
7991 5334 52514712 1 1390 520 415
8096 5379 52514722 1 1390 520 467
8262 5404 52514732 1 1390 520 541
8468 5442 52514742 1 1400 530 605
8680 5483 52514752 1 1400 530 659
8913 5526 52514762 1 1410 520 711
9161 5564 52514772 1 1420 530 750
9436 5585 52514782 1 1420 530 796
9701 5595 52514792 1 1430 520 797
9960 5583 52514802 1 1450 530 802
10152 5565 52514812 1 1460 530 806
10282 5513 52514822 1 1470 530 814
10370 5440 52514832 1 1480 540 815
10398 5339 52514842 1 1500 540 815
10359 5207 52514852 1 1510 540 812
10276 5054 52514862 1 1530 550 806
10172 4904 52514872 1 1530 560 780
10022 4744 52514882 1 1530 560 708
9840 4578 52514892 1 1540 560 619
9664 4424 52514902 1 1560 570 498
9493 4267 52514912 1 1550 580 244
8083 3925 52515002 0 1500 570 413
7892 3915 52515012 1 1500 570 488
7848 3954 52515022 1 1480 570 510
7881 3964 52515032 1 1470 560 561
8025 4015 52515042 1 1450 560 633
8244 4094 52515052 1 1430 550 690
8540 4182 52515062 1 1430 550 724
8836 4265 52515072 1 1440 540 727
9128 4345 52515082 1 1420 540 727
9367 4389 52515092 1 1420 540 691
9573 4412 52515102 1 1420 540 497
9125 7000 52515292 0 1460 500 418
9091 6922 52515302 1 1450 500 397
9016 6942 52515312 1 1450 470 447
8977 6853 52515322 1 1460 460 522
8943 6692 52515332 1 1470 430 575
8906 6421 52515342 1 1490 420 636
8864 6058 52515352 1 1490 420 702
8828 5634 52515362 1 1490 410 742
8792 5148 52515373 1 1480 410 763
8758 4569 52515383 1 1490 420 759
8733 3928 52515393 1 1480 420 762
8733 3383 52515403 1 1470 430 754
8743 2923 52515413 1 1470 450 731
8723 2521 52515423 1 1460 470 675
8723 2286 52515433 1 1440 480 478
