183
2182 6180 8845148 0 1390 540 175
2103 6118 8845158 1 1370 520 228
2070 6133 8845168 1 1360 510 241
2058 6175 8845178 1 1370 510 245
2058 6187 8845188 1 1350 510 252
2076 6226 8845198 1 1350 510 259
2128 6284 8845208 1 1340 510 279
2202 6381 8845218 1 1340 510 282
2300 6485 8845228 1 1340 510 302
2416 6594 8845238 1 1330 520 309
2544 6680 8845248 1 1340 520 310
2670 6741 8845258 1 1340 520 329
2777 6785 8845268 1 1330 530 333
2872 6805 8845278 1 1330 530 341
2967 6797 8845288 1 1330 530 351
3063 6770 8845298 1 1330 530 356
3159 6720 8845308 1 1330 530 363
3238 6645 8845318 1 1330 530 368
3285 6553 8845328 1 1330 530 373
3311 6425 8845338 1 1330 530 361
3297 6272 8845348 1 1330 530 372
3237 6102 8845358 1 1330 530 393
3147 5910 8845368 1 1330 530 423
3023 5712 8845378 1 1330 530 460
2899 5529 8845388 1 1330 530 499
2776 5357 8845398 1 1330 530 536
2665 5207 8845408 1 1330 530 564
2596 5120 8845418 1 1330 530 583
2556 5074 8845428 1 1330 530 583
2563 5074 8845438 1 1330 530 583
2610 5091 8845448 1 1310 520 584
2683 5116 8845458 1 1310 520 583
2797 5177 8845468 1 1310 520 586
2937 5259 8845478 1 1310 520 591
3094 5356 8845488 1 1310 520 592
3262 5448 8845498 1 1310 520 588
3409 5510 8845508 1 1300 530 588
3543 5553 8845518 1 1300 530 561
3639 5553 8845528 1 1300 530 550
3678 5498 8845538 1 1300 530 540
3678 5414 8845548 1 1300 530 544
3607 5261 8845558 1 1300 530 540
3489 5084 8845568 1 1300 530 537
3340 4892 8845578 1 1300 530 550
3199 4710 8845588 1 1300 530 570
3060 4576 8845598 1 1300 530 567
2966 4473 8845608 1 1290 520 578
2902 4420 8845618 1 1290 520 572
2902 4420 8845628 1 1290 520 554
2959 4460 8845638 1 1280 530 540
3048 4554 8845648 1 1280 530 533
3223 4657 8845658 1 1280 530 527
3403 4765 8845668 1 1280 530 538
3588 4835 8845678 1 1280 530 532
3731 4815 8845688 1 1280 530 533
3847 4735 8845698 1 1280 530 533
3896 4618 8845708 1 1280 530 541
3878 4445 8845718 1 1270 530 538
3816 4235 8845728 1 1270 530 538
3687 3989 8845738 1 1270 530 543
3539 3738 8845748 1 1250 540 550
3379 3543 8845758 1 1250 540 543
3261 3387 8845768 1 1250 540 498
3205 3334 8845778 1 1240 540 270
3289 4228 8845819 0 1200 540 27
3473 4912 8845829 1 1190 540 68
3545 5140 8845839 1 1190 540 134
3627 5322 8845849 1 1190 540 203
3718 5500 8845859 1 1190 540 272
3815 5668 8845869 1 1190 540 329
3934 5830 8845879 1 1200 540 358
4104 6017 8845889 1 1200 540 367
4307 6203 8845899 1 1210 530 382
4515 6383 8845909 1 1220 530 387
4723 6521 8845919 1 1240 530 389
4870 6633 8845929 1 1250 530 386
4976 6663 8845939 1 1270 520 369
5025 6621 8845949 1 1280 520 351
5005 6532 8845959 1 1300 520 317
4938 6322 8845969 1 1320 510 286
4807 6044 8845979 1 1320 510 277
4632 5720 8845989 1 1330 510 310
4427 5413 8845999 1 1330 510 381
4285 5144 8846009 1 1330 510 415
4217 4901 8846019 1 1320 500 441
4198 4760 8846029 1 1300 510 443
4254 4703 8846039 1 1300 510 447
4352 4703 8846049 1 1300 510 450
4478 4744 8846059 1 1290 510 453
4629 4853 8846069 1 1290 510 456
4803 5008 8846079 1 1280 520 464
4993 5182 8846089 1 1280 520 472
5170 5378 8846099 1 1260 510 472
5343 5588 8846109 1 1260 510 471
5476 5783 8846119 1 1240 520 430
5583 5989 8846129 1 1240 520 391
5651 6203 8846139 1 1240 520 327
5673 6392 8846149 1 1240 520 264
5665 6577 8846159 1 1240 520 247
5600 6694 8846169 1 1260 510 260
5501 6769 8846179 1 1270 520 287
5379 6779 8846189 1 1280 520 330
5234 6740 8846199 1 1280 520 356
5101 6669 8846209 1 1290 510 398
4975 6521 8846219 1 1320 510 415
4873 6318 8846220 1 1320 510 458
4790 6078 8846230 1 1320 510 498
4720 5777 8846240 1 1330 510 522
4704 5454 8846250 1 1330 510 519
4704 5116 8846260 1 1320 500 513
4722 4731 8846270 1 1320 500 524
4761 4460 8846280 1 1300 510 536
4826 4266 8846290 1 1300 510 562
4908 4130 8846300 1 1280 500 570
5015 4059 8846310 1 1270 510 592
5133 4032 8846320 1 1270 510 599
5258 4060 8846330 1 1270 520 588
5370 4166 8846340 1 1250 530 589
5460 4324 8846350 1 1240 530 581
5536 4567 8846360 1 1240 530 561
5584 4859 8846370 1 1230 530 553
5603 5183 8846380 1 1220 540 553
5603 5435 8846390 1 1220 540 562
5560 5543 8846400 1 1220 540 561
5484 5556 8846410 1 1220 540 570
5384 5464 8846420 1 1220 540 591
5289 5299 8846430 1 1220 540 613
5255 5086 8846440 1 1220 540 645
5261 4882 8846450 1 1220 540 650
5336 4673 8846460 1 1230 530 667
5469 4502 8846470 1 1230 530 662
5641 4358 8846480 1 1230 530 661
5849 4258 8846490 1 1230 530 658
6030 4214 8846500 1 1240 540 646
6194 4207 8846510 1 1250 540 620
6362 4239 8846520 1 1240 540 533
6511 4319 8846530 1 1240 540 381
6648 4432 8846540 1 1240 540 101
6855 5513 8846690 0 1250 540 369
6921 5649 8846700 1 1270 530 384
6972 5724 8846710 1 1280 530 374
7048 5790 8846720 1 1280 530 381
7139 5850 8846730 1 1280 530 381
7284 5919 8846740 1 1290 520 399
7464 5986 8846750 1 1310 520 418
7652 6046 8846760 1 1330 520 441
7845 6137 8846770 1 1350 520 453
8042 6250 8846780 1 1350 520 468
8187 6324 8846790 1 1370 520 475
8307 6367 8846800 1 1390 520 478
8411 6390 8846810 1 1390 520 456
8447 6377 8846820 1 1410 520 436
8427 6320 8846830 1 1420 530 405
8370 6234 8846840 1 1420 530 374
8249 6121 8846850 1 1430 530 364
8109 5991 8846860 1 1430 530 396
7957 5849 8846870 1 1430 530 463
7816 5732 8846880 1 1430 530 513
7739 5655 8846890 1 1430 530 522
7704 5606 8846900 1 1430 530 524
7720 5570 8846910 1 1420 540 532
7765 5545 8846920 1 1420 540 536
7829 5528 8846930 1 1410 550 557
7929 5533 8846940 1 1400 540 574
8033 5566 8846951 1 1400 540 594
8170 5618 8846961 1 1390 550 602
8328 5686 8846971 1 1390 550 611
8502 5755 8846981 1 1390 550 616
8660 5825 8846991 1 1380 550 611
8808 5876 8847001 1 1390 560 609
8928 5876 8847011 1 1390 560 589
8975 5840 8847021 1 1380 570 561
8975 5750 8847031 1 1390 570 543
8872 5594 8847041 1 1390 570 546
8682 5394 8847051 1 1390 570 568
8432 5129 8847061 1 1400 580 641
8143 4862 8847071 1 1400 580 759
7985 4686 8847081 1 1400 580 829
7913 4572 8847091 1 1420 580 873
8007 4558 8847101 1 1420 580 888
8284 4645 8847111 1 1420 580 887
8684 4799 8847121 1 1430 590 833
9197 5013 8847131 1 1430 590 659
