228
3045 5643 207508 0 1380 750 387
3120 5628 207518 1 1380 740 364
3109 5628 207528 1 1370 710 371
3109 5639 207538 1 1370 700 441
3123 5650 207548 1 1370 690 488
3148 5684 207558 1 1370 670 522
3190 5733 207568 1 1370 660 529
3250 5826 207578 1 1370 650 532
3321 5945 207588 1 1380 630 529
3399 6082 207598 1 1380 610 526
3470 6213 207608 1 1390 600 527
3496 6341 207618 1 1410 590 533
3496 6461 207628 1 1420 580 545
3452 6534 207638 1 1430 570 564
3390 6578 207648 1 1430 570 592
3314 6592 207658 1 1430 570 611
3238 6572 207668 1 1430 570 631
3152 6530 207678 1 1440 580 646
3058 6450 207688 1 1460 570 666
2962 6322 207698 1 1460 570 694
2869 6162 207708 1 1460 570 699
2777 5992 207718 1 1470 560 707
2695 5831 207728 1 1490 560 713
2644 5675 207738 1 1490 560 721
2614 5575 207748 1 1490 560 722
2626 5506 207758 1 1490 560 722
2671 5457 207768 1 1480 570 721
2737 5427 207778 1 1480 570 730
2812 5434 207788 1 1470 580 730
2902 5465 207798 1 1460 570 722
3003 5531 207808 1 1460 570 719
3108 5605 207818 1 1440 580 717
3211 5685 207828 1 1440 580 716
3285 5762 207838 1 1430 590 714
3341 5837 207848 1 1430 590 716
3365 5869 207858 1 1430 590 722
3370 5869 207868 1 1430 590 728
3362 5869 207878 1 1430 590 728
3362 5863 207888 1 1430 590 733
3336 5794 207898 1 1430 590 752
3297 5684 207908 1 1430 590 754
3243 5542 207918 1 1430 590 777
3174 5368 207928 1 1430 590 796
3095 5172 207938 1 1430 590 811
3007 4962 207948 1 1430 590 821
2919 4752 207958 1 1430 590 848
2832 4580 207968 1 1420 590 858
2741 4435 207978 1 1420 590 879
2646 4302 207988 1 1420 590 894
2544 4196 207998 1 1420 590 906
2435 4108 208008 1 1410 600 909
2322 4045 208018 1 1410 600 909
2198 4010 208028 1 1390 600 906
2070 3994 208038 1 1380 600 902
1939 4008 208048 1 1380 600 876
1833 4054 208058 1 1360 610 836
1746 4121 208069 1 1360 610 767
1672 4227 208079 1 1360 610 663
1657 4355 208089 1 1350 620 472
4418 5719 208299 0 1450 540 88
4501 5778 208309 1 1450 540 206
4512 5825 208319 1 1450 540 297
4512 5882 208329 1 1450 540 336
4512 5927 208339 1 1450 540 425
4512 5991 208349 1 1450 540 507
4512 6068 208359 1 1460 540 543
4496 6112 208369 1 1460 540 556
4440 6154 208379 1 1460 550 565
4384 6177 208389 1 1460 550 564
4324 6188 208399 1 1480 560 568
4236 6168 208409 1 1480 560 583
4132 6102 208419 1 1480 560 624
4028 6005 208429 1 1480 560 671
3945 5866 208439 1 1480 560 694
3877 5725 208449 1 1490 550 714
3833 5612 208459 1 1490 550 722
3820 5520 208469 1 1490 550 724
3827 5458 208479 1 1490 550 728
3855 5423 208489 1 1490 550 727
3905 5405 208499 1 1480 560 713
3969 5416 208509 1 1480 560 684
4063 5468 208519 1 1480 560 644
4168 5548 208529 1 1470 560 609
4279 5627 208539 1 1450 560 581
4377 5704 208549 1 1440 570 574
4451 5780 208559 1 1440 570 580
4509 5854 208569 1 1430 570 589
4538 5882 208579 1 1420 570 588
4549 5882 208589 1 1420 570 627
4549 5851 208599 1 1420 570 649
4561 5780 208609 1 1420 570 664
4573 5680 208619 1 1420 570 685
4584 5583 208629 1 1420 570 696
4606 5495 208639 1 1420 570 717
4634 5414 208649 1 1420 570 730
4676 5358 208659 1 1420 570 727
4727 5326 208669 1 1420 570 731
4794 5310 208679 1 1420 570 737
4870 5324 208689 1 1420 570 725
4967 5383 208699 1 1430 570 713
5089 5471 208709 1 1430 570 684
5228 5577 208719 1 1430 570 647
5372 5693 208729 1 1440 580 614
5486 5817 208739 1 1440 580 608
5579 5946 208749 1 1440 580 624
5630 6035 208759 1 1460 580 653
5655 6097 208769 1 1460 580 699
5662 6123 208779 1 1470 580 710
5662 6130 208789 1 1490 580 719
5662 6125 208799 1 1490 580 711
5662 6125 208809 1 1510 580 721
5634 6088 208819 1 1510 580 731
5595 6026 208829 1 1530 580 742
5543 5919 208839 1 1540 570 751
5494 5801 208850 1 1540 570 771
5451 5677 208860 1 1540 570 774
5428 5582 208870 1 1540 560 777
5417 5510 208880 1 1540 560 774
5423 5453 208890 1 1540 560 756
5433 5420 208900 1 1540 570 722
5452 5407 208910 1 1540 570 673
5472 5407 208920 1 1540 570 589
5494 5426 208930 1 1510 580 466
5518 5465 208940 1 1510 580 218
5408 5590 208990 0 1490 590 105
5242 5628 209000 1 1470 590 178
5140 5654 209010 1 1470 590 274
5033 5682 209020 1 1470 590 414
4960 5696 209030 1 1470 590 532
4920 5709 209040 1 1470 590 613
4903 5719 209050 1 1470 590 638
4903 5724 209060 1 1470 590 643
4903 5724 209070 1 1470 590 664
4942 5724 209080 1 1470 590 705
4942 5724 209090 1 1470 590 722
5105 5741 209100 1 1470 590 736
5248 5763 209110 1 1470 590 736
5417 5795 209120 1 1470 590 737
5586 5845 209130 1 1470 590 728
5753 5891 209140 1 1470 590 664
5874 5906 209150 1 1490 590 595
5966 5906 209160 1 1490 590 517
6001 5882 209170 1 1490 590 442
6001 5846 209180 1 1500 580 356
5987 5801 209190 1 1520 590 285
5962 5767 209200 1 1520 590 254
5937 5740 209210 1 1520 590 264
5912 5718 209220 1 1520 590 332
5888 5686 209230 1 1530 590 404
5871 5651 209240 1 1530 590 491
5871 5611 209250 1 1530 590 556
5871 5567 209260 1 1530 590 608
5894 5539 209270 1 1550 600 649
5934 5520 209280 1 1550 600 676
6001 5520 209290 1 1550 600 687
6099 5553 209300 1 1550 600 688
6218 5609 209310 1 1540 600 676
6343 5677 209320 1 1540 600 656
6463 5754 209330 1 1540 600 633
6545 5837 209340 1 1540 600 613
6603 5907 209350 1 1540 600 603
6624 5971 209360 1 1540 600 603
6619 6025 209370 1 1550 600 613
6596 6061 209380 1 1550 600 613
6551 6085 209390 1 1560 590 633
6485 6085 209400 1 1560 590 637
6404 6051 209410 1 1560 590 667
6304 5995 209420 1 1570 580 700
6221 5911 209430 1 1570 580 721
6150 5801 209440 1 1570 580 758
6097 5674 209450 1 1570 580 762
6068 5556 209460 1 1570 570 777
6056 5451 209470 1 1570 570 788
6077 5354 209480 1 1570 570 784
6127 5293 209490 1 1570 570 797
6196 5262 209500 1 1570 570 803
6301 5251 209510 1 1570 580 805
6433 5272 209520 1 1570 580 790
6583 5338 209530 1 1550 580 767
6766 5434 209540 1 1540 580 727
6948 5544 209550 1 1540 580 699
7124 5655 209560 1 1530 590 655
7287 5767 209570 1 1550 600 636
7446 5905 209580 1 1540 600 639
7576 6060 209590 1 1540 600 637
7679 6187 209600 1 1560 610 665
7763 6278 209610 1 1560 610 694
7798 6345 209620 1 1570 600 728
7804 6360 209630 1 1580 600 730
7791 6360 209640 1 1580 600 736
7781 6360 209650 1 1610 600 751
7745 6324 209660 1 1610 600 779
7692 6255 209670 1 1610 590 784
7635 6162 209680 1 1630 590 800
7581 6063 209690 1 1640 580 811
7531 5962 209700 1 1650 580 820
7498 5858 209710 1 1650 580 817
7476 5774 209720 1 1660 570 828
7476 5704 209730 1 1660 570 840
7499 5647 209740 1 1660 570 851
7535 5597 209750 1 1650 580 861
7590 5551 209760 1 1650 580 867
7659 5510 209770 1 1640 580 858
7736 5474 209780 1 1630 590 861
7830 5442 209790 1 1630 590 870
7924 5407 209800 1 1620 600 872
8013 5370 209810 1 1620 600 875
8074 5331 209820 1 1620 600 876
8119 5291 209830 1 1620 610 879
8133 5257 209840 1 1620 610 893
8127 5229 209850 1 1610 620 909
8107 5198 209860 1 1610 620 902
8058 5158 209870 1 1600 630 918
7969 5112 209880 1 1600 630 932
7854 5071 209890 1 1600 630 934
7706 5036 209900 1 1600 630 950
7543 5005 209910 1 1600 630 955
7370 4977 209920 1 1600 630 959
7170 4952 209930 1 1600 630 965
6980 4929 209940 1 1600 630 970
6796 4904 209950 1 1600 630 979
6652 4881 209960 1 1600 630 979
6541 4868 209970 1 1580 620 977
6451 4861 209980 1 1580 620 970
6391 4866 209990 1 1560 620 951
6351 4880 210000 1 1560 620 882
6323 4899 210010 1 1560 610 757
6313 4917 210020 1 1560 610 444
