388
3704 6525 1075546 0 1350 800 41
3704 6525 1075556 1 1350 800 80
3784 6529 1075566 1 1350 800 80
3794 6546 1075576 1 1350 800 96
3810 6572 1075586 1 1350 800 172
3825 6606 1075596 1 1310 790 239
3838 6645 1075606 1 1320 780 314
3847 6685 1075616 1 1290 760 356
3847 6732 1075626 1 1300 730 372
3852 6784 1075636 1 1300 720 384
3852 6852 1075646 1 1290 700 386
3845 6926 1075656 1 1300 670 386
3835 7004 1075666 1 1300 660 391
3817 7081 1075676 1 1300 630 391
3789 7161 1075686 1 1290 610 394
3755 7242 1075696 1 1310 600 396
3715 7317 1075706 1 1310 570 394
3671 7386 1075716 1 1300 550 389
3623 7435 1075726 1 1300 530 386
3562 7473 1075736 1 1300 510 377
3492 7473 1075746 1 1290 490 371
3415 7452 1075756 1 1310 480 364
3324 7407 1075766 1 1310 470 366
3217 7324 1075776 1 1310 470 361
3098 7209 1075786 1 1310 470 338
2990 7074 1075796 1 1320 470 327
2910 6906 1075806 1 1320 470 317
2848 6737 1075816 1 1320 470 289
2815 6578 1075826 1 1320 470 287
2800 6426 1075836 1 1320 470 280
2800 6258 1075846 1 1310 470 277
2800 6101 1075856 1 1310 470 275
2813 5952 1075866 1 1310 470 277
2835 5801 1075876 1 1300 480 277
2868 5683 1075886 1 1300 480 280
2907 5588 1075896 1 1280 480 277
2954 5509 1075906 1 1270 490 301
3019 5450 1075916 1 1270 490 310
3094 5405 1075926 1 1260 490 332
3187 5395 1075936 1 1250 500 344
3285 5413 1075946 1 1240 500 364
3392 5450 1075956 1 1240 500 361
3509 5518 1075966 1 1220 500 364
3635 5605 1075976 1 1200 500 361
3770 5705 1075986 1 1200 500 362
3873 5804 1075996 1 1200 500 364
3952 5898 1076006 1 1200 500 369
4026 5989 1076016 1 1200 500 361
4075 6039 1076026 1 1200 500 315
4107 6055 1076036 1 1200 500 195
3106 4652 1076127 0 1230 490 41
2896 4151 1076137 1 1210 490 181
2803 4005 1076147 1 1210 490 220
2743 3853 1076157 1 1210 490 209
2706 3698 1076167 1 1190 490 223
2698 3621 1076177 1 1180 490 239
2724 3580 1076187 1 1170 500 259
2772 3562 1076197 1 1160 500 314
2856 3587 1076207 1 1150 500 344
2986 3687 1076217 1 1150 500 374
3146 3837 1076227 1 1130 510 417
3318 4032 1076237 1 1130 510 422
3490 4241 1076247 1 1130 510 414
3654 4460 1076257 1 1130 510 417
3811 4670 1076267 1 1130 510 417
3934 4893 1076277 1 1130 510 422
4057 5124 1076287 1 1130 510 423
4180 5359 1076297 1 1130 510 420
4274 5585 1076307 1 1130 510 418
4348 5805 1076317 1 1130 510 417
4397 6009 1076327 1 1150 500 407
4415 6173 1076337 1 1150 500 402
4415 6311 1076347 1 1160 500 396
4382 6424 1076357 1 1170 500 388
4336 6516 1076367 1 1180 490 374
4278 6593 1076377 1 1190 490 362
4206 6654 1076387 1 1190 490 361
4128 6696 1076397 1 1210 490 367
4046 6725 1076407 1 1210 490 374
3998 6725 1076417 1 1220 480 381
3947 6693 1076427 1 1230 480 382
3894 6633 1076437 1 1230 480 391
3848 6525 1076447 1 1230 470 388
3804 6384 1076457 1 1230 470 397
3766 6222 1076467 1 1240 480 417
3731 6033 1076477 1 1250 470 420
3700 5802 1076487 1 1250 470 440
3686 5544 1076497 1 1250 470 443
3686 5235 1076507 1 1260 470 463
3704 4897 1076517 1 1250 470 472
3730 4540 1076527 1 1250 470 488
3775 4180 1076537 1 1240 480 494
3831 3816 1076547 1 1230 480 509
3897 3501 1076557 1 1220 480 516
3977 3220 1076567 1 1210 490 530
4066 2960 1076577 1 1190 490 538
4181 2788 1076587 1 1180 490 532
4298 2675 1076597 1 1170 500 524
4431 2639 1076607 1 1160 500 497
4575 2679 1076617 1 1130 510 486
4746 2771 1076627 1 1130 520 428
4903 2972 1076637 1 1120 520 353
5050 3249 1076647 1 1100 520 270
5226 3576 1076657 1 1080 530 156
5395 3940 1076667 1 1080 530 80
5558 4303 1076677 1 1060 530 67
5706 4634 1076687 1 1070 540 36
6071 6818 1076778 0 1170 530 48
6071 6818 1076788 1 1200 520 105
6071 6818 1076798 1 1210 520 130
6071 6818 1076808 1 1220 510 156
5981 6728 1076818 1 1230 510 200
5956 6638 1076828 1 1250 510 239
5931 6497 1076838 1 1250 510 282
5910 6321 1076848 1 1260 500 314
5895 6092 1076858 1 1260 500 339
5887 5800 1076868 1 1270 500 376
5887 5466 1076878 1 1270 500 409
5893 5059 1076888 1 1260 500 422
5898 4648 1076898 1 1260 500 440
5898 4289 1076908 1 1260 510 440
5903 3968 1076918 1 1240 520 440
5915 3677 1076928 1 1230 520 452
5928 3505 1076938 1 1220 530 442
5943 3412 1076948 1 1190 530 420
5957 3354 1076958 1 1180 540 334
5957 3362 1076968 1 1170 550 200
5957 3415 1076978 1 1160 550 24
5865 4075 1077018 0 1090 570 3
5842 4703 1077028 1 1090 570 66
5856 5001 1077038 1 1090 570 129
5885 5278 1077048 1 1090 570 134
5933 5541 1077058 1 1090 570 132
5998 5789 1077068 1 1080 560 149
6075 6039 1077078 1 1080 560 125
6203 6290 1077088 1 1100 550 125
6342 6602 1077098 1 1110 550 139
6487 6849 1077108 1 1140 550 183
6651 7052 1077118 1 1150 540 214
6815 7227 1077128 1 1170 530 257
6980 7357 1077138 1 1200 520 277
7109 7457 1077148 1 1210 520 296
7214 7490 1077158 1 1220 510 314
7302 7468 1077168 1 1240 520 329
7362 7409 1077178 1 1260 510 349
7386 7296 1077188 1 1270 510 356
7386 7117 1077198 1 1280 500 358
7338 6893 1077208 1 1300 510 359
7243 6649 1077218 1 1300 510 368
7116 6401 1077228 1 1320 500 366
6967 6140 1077238 1 1330 510 363
6796 5873 1077248 1 1330 510 351
6611 5677 1077258 1 1330 510 348
6458 5532 1077268 1 1330 510 349
6308 5421 1077278 1 1320 510 353
6163 5353 1077288 1 1300 520 369
6057 5348 1077298 1 1300 520 384
5976 5384 1077308 1 1290 520 392
5934 5451 1077318 1 1280 520 397
5940 5528 1077328 1 1270 520 404
5977 5613 1077338 1 1270 520 404
6064 5717 1077348 1 1250 530 407
6210 5856 1077358 1 1250 530 417
6396 6019 1077368 1 1240 520 417
6585 6138 1077378 1 1240 520 435
6783 6242 1077388 1 1240 520 440
6991 6336 1077398 1 1260 510 443
7185 6425 1077408 1 1260 510 448
7370 6490 1077418 1 1250 510 449
7527 6538 1077428 1 1260 510 446
7642 6545 1077438 1 1270 510 438
7729 6514 1077448 1 1270 510 422
7770 6457 1077458 1 1280 500 420
7762 6365 1077468 1 1280 500 397
7722 6249 1077478 1 1290 510 386
7645 6116 1077488 1 1300 510 372
7545 5961 1077498 1 1300 510 374
7430 5804 1077508 1 1300 510 372
7299 5645 1077518 1 1300 510 377
7171 5495 1077528 1 1320 510 386
7046 5339 1077538 1 1300 520 388
6952 5179 1077548 1 1300 520 396
6864 5045 1077558 1 1290 520 404
6801 4946 1077568 1 1290 520 405
6752 4871 1077578 1 1290 520 402
6735 4820 1077588 1 1290 520 397
6741 4799 1077598 1 1280 530 396
6763 4799 1077608 1 1280 530 405
6812 4816 1077618 1 1280 530 420
6881 4866 1077628 1 1280 530 431
6964 4938 1077638 1 1280 530 450
7067 5024 1077648 1 1280 530 460
7189 5103 1077658 1 1270 530 473
7323 5177 1077668 1 1270 530 472
7443 5298 1077678 1 1270 530 475
7537 5368 1077688 1 1270 530 472
7613 5405 1077698 1 1270 530 468
7659 5412 1077708 1 1250 530 463
7674 5385 1077718 1 1250 530 453
7669 5336 1077728 1 1250 530 442
7626 5247 1077738 1 1250 530 448
7551 5135 1077748 1 1250 530 443
7454 5007 1077758 1 1250 530 443
7329 4839 1077768 1 1240 530 448
7199 4666 1077778 1 1240 530 456
7066 4508 1077788 1 1240 530 475
6967 4362 1077798 1 1230 530 488
6896 4233 1077808 1 1230 530 488
6844 4152 1077818 1 1230 530 489
6822 4104 1077828 1 1230 530 495
6822 4092 1077838 1 1230 530 490
6847 4082 1077848 1 1240 540 488
6871 4074 1077858 1 1240 540 485
6898 4074 1077868 1 1240 540 483
6934 4065 1077878 1 1240 540 490
6977 4065 1077888 1 1240 540 488
7028 4080 1077898 1 1240 540 490
7083 4080 1077908 1 1240 540 490
7136 4067 1077918 1 1240 540 490
7168 4036 1077928 1 1240 540 473
7187 3958 1077938 1 1240 540 422
7159 3817 1077948 1 1240 540 387
7095 3634 1077958 1 1240 540 386
7008 3436 1077968 1 1240 550 422
6933 3235 1077978 1 1240 550 440
6908 3114 1077988 1 1240 550 461
6916 3047 1077998 1 1220 560 465
6963 3033 1078008 1 1220 560 489
7014 3066 1078018 1 1210 560 512
7075 3130 1078028 1 1210 560 520
7158 3276 1078038 1 1190 560 522
7255 3480 1078048 1 1190 560 513
7377 3722 1078058 1 1170 560 512
7503 4035 1078068 1 1170 560 516
7626 4367 1078078 1 1170 560 513
7744 4712 1078088 1 1160 560 509
7840 5039 1078098 1 1160 560 483
7895 5317 1078108 1 1160 560 439
7923 5563 1078118 1 1140 570 391
7902 5749 1078128 1 1160 560 335
7843 5918 1078138 1 1160 560 277
7759 6076 1078148 1 1170 560 247
7682 6212 1078158 1 1170 560 254
7609 6374 1078168 1 1180 560 244
7553 6492 1078178 1 1200 550 272
7508 6573 1078188 1 1200 550 314
7476 6595 1078198 1 1210 550 315
7448 6580 1078208 1 1230 550 322
7426 6540 1078218 1 1240 540 335
7402 6426 1078228 1 1250 540 364
7370 6223 1078238 1 1250 540 414
7333 5961 1078248 1 1270 530 469
7291 5593 1078258 1 1270 530 510
7252 5163 1078268 1 1270 530 529
7238 4691 1078278 1 1280 530 541
7238 4239 1078288 1 1250 530 540
7282 3755 1078298 1 1250 530 556
7345 3250 1078308 1 1240 530 570
7423 2723 1078318 1 1230 530 574
7500 2284 1078328 1 1230 550 574
7574 1904 1078338 1 1200 550 581
7642 1548 1078348 1 1160 560 583
7706 1268 1078358 1 1130 580 580
7772 1039 1078368 1 1090 590 574
7839 864 1078378 1 1040 590 557
7911 783 1078388 1 1000 600 502
7971 766 1078398 1 950 610 420
8024 863 1078408 1 920 610 309
8085 1087 1078418 1 880 610 170
8151 1397 1078428 1 860 610 12
8247 1796 1078438 1 850 610 5
8362 2219 1078448 1 850 610 89
8491 2659 1078458 1 830 610 151
8623 3045 1078468 1 830 610 222
8757 3435 1078478 1 830 610 274
8903 3767 1078488 1 850 610 334
9051 4058 1078498 1 860 610 363
9200 4358 1078508 1 870 600 374
9390 4661 1078518 1 880 600 389
9603 4964 1078528 1 900 600 399
9831 5261 1078538 1 930 600 399
10094 5578 1078548 1 970 590 389
10346 5910 1078558 1 1020 580 389
10591 6164 1078568 1 1050 580 391
10792 6385 1078578 1 1080 580 398
10931 6583 1078588 1 1120 580 362
11029 6716 1078598 1 1130 580 312
11050 6816 1078608 1 1150 580 225
10109 7226 1078701 0 1300 540 106
10061 7177 1078711 1 1310 540 161
10009 7111 1078721 1 1310 540 168
9942 7017 1078731 1 1330 530 171
9887 6848 1078741 1 1330 530 207
9837 6670 1078751 1 1330 530 237
9796 6485 1078761 1 1330 520 255
9770 6250 1078771 1 1330 520 279
9754 5995 1078781 1 1310 520 312
9754 5727 1078791 1 1310 520 330
9754 5492 1078801 1 1310 520 339
9775 5232 1078811 1 1300 530 373
9788 4955 1078821 1 1300 530 388
9797 4688 1078831 1 1290 530 422
9808 4450 1078841 1 1280 540 448
9815 4232 1078851 1 1260 540 468
9856 4064 1078861 1 1250 550 488
9919 3966 1078871 1 1240 550 504
10021 3916 1078881 1 1220 560 512
10126 3937 1078891 1 1210 560 519
10258 4021 1078901 1 1190 560 520
10408 4148 1078911 1 1190 560 512
10566 4330 1078921 1 1180 570 512
10719 4525 1078931 1 1160 570 517
10862 4729 1078941 1 1160 570 492
10999 4952 1078951 1 1170 580 478
11097 5132 1078961 1 1160 580 436
11149 5284 1078971 1 1160 580 393
11171 5393 1078981 1 1170 590 340
11145 5470 1078991 1 1170 590 279
11092 5526 1079001 1 1170 590 226
11022 5568 1079011 1 1180 590 225
10932 5608 1079021 1 1180 590 246
10858 5644 1079031 1 1180 590 259
10795 5679 1079041 1 1180 590 274
10754 5709 1079051 1 1200 580 302
10718 5728 1079061 1 1190 580 317
10689 5728 1079071 1 1190 580 305
10661 5718 1079081 1 1190 580 309
10625 5684 1079091 1 1200 570 317
10586 5629 1079101 1 1200 570 332
10549 5561 1079111 1 1200 570 345
10530 5489 1079121 1 1190 560 336
10522 5417 1079131 1 1190 560 339
10531 5329 1079141 1 1210 560 346
10542 5230 1079151 1 1200 550 353
10556 5120 1079161 1 1200 550 369
10571 4992 1079171 1 1200 550 387
10587 4852 1079181 1 1200 550 402
10601 4684 1079191 1 1200 550 418
10616 4516 1079201 1 1200 550 440
10632 4348 1079211 1 1200 550 458
10650 4142 1079221 1 1200 550 478
10671 3934 1079231 1 1200 550 491
10693 3723 1079241 1 1180 560 492
10708 3510 1079251 1 1180 560 510
10717 3314 1079261 1 1180 560 513
10717 3128 1079271 1 1170 560 524
10706 2949 1079281 1 1180 570 532
10686 2784 1079291 1 1180 570 537
10650 2638 1079301 1 1160 570 539
10614 2505 1079311 1 1160 570 546
10575 2418 1079321 1 1150 580 556
10533 2361 1079331 1 1150 580 562
10488 2323 1079341 1 1130 580 567
10436 2314 1079351 1 1130 580 567
10378 2334 1079361 1 1130 590 562
10304 2374 1079371 1 1130 590 559
10224 2448 1079381 1 1130 590 557
10140 2552 1079391 1 1130 590 539
10053 2677 1079401 1 1130 590 515
9956 2844 1079411 1 1130 590 509
9853 3017 1079421 1 1130 590 504
9761 3194 1079431 1 1130 590 504
9674 3349 1079441 1 1130 590 499
9594 3468 1079451 1 1140 590 494
9511 3564 1079461 1 1140 590 497
9419 3601 1079471 1 1160 580 497
9324 3612 1079481 1 1150 580 497
9242 3605 1079491 1 1160 570 501
9180 3582 1079501 1 1160 570 496
9131 3554 1079511 1 1170 560 494
9090 3492 1079521 1 1170 560 492
9052 3409 1079531 1 1170 560 492
9039 3284 1079541 1 1180 560 492
9039 3138 1079551 1 1170 550 499
9079 2979 1079561 1 1170 550 494
9122 2859 1079571 1 1190 540 456
10726 3799 1079682 0 1200 550 153
11109 3932 1079692 1 1210 550 309
11219 3976 1079702 1 1210 550 319
11277 4019 1079712 1 1210 550 351
11352 4011 1079722 1 1210 550 447
11427 3979 1079732 1 1210 550 565
11502 3931 1079742 1 1210 550 630
11565 3871 1079752 1 1210 550 663
11620 3810 1079762 1 1210 550 688
11664 3746 1079772 1 1210 550 690
11696 3698 1079782 1 1200 550 630
11721 3660 1079792 1 1200 550 289
