322
3260 7153 8194182 0 1600 360 513
3338 7416 8194192 1 1600 370 543
3329 7610 8194202 1 1590 390 594
3286 7809 8194212 1 1580 410 609
3280 7897 8194222 1 1580 430 609
3274 7912 8194232 1 1570 440 600
3257 7931 8194242 1 1580 440 592
3232 7931 8194252 1 1580 450 594
3163 7915 8194262 1 1580 460 585
3054 7852 8194272 1 1570 470 620
2917 7735 8194282 1 1570 470 645
2767 7582 8194292 1 1580 480 665
2590 7333 8194302 1 1570 490 673
2394 7040 8194312 1 1570 490 663
2225 6719 8194322 1 1560 500 669
2056 6399 8194332 1 1550 500 669
1926 6063 8194342 1 1550 510 669
1820 5758 8194352 1 1540 520 672
1759 5479 8194362 1 1530 530 673
1730 5280 8194372 1 1520 540 669
1721 5180 8194382 1 1520 540 662
1732 5146 8194392 1 1510 540 673
1782 5163 8194402 1 1500 550 690
1859 5266 8194412 1 1500 550 694
2006 5426 8194422 1 1490 560 722
2197 5623 8194432 1 1470 560 754
2416 5827 8194442 1 1470 560 780
2628 6035 8194452 1 1460 570 799
2836 6215 8194462 1 1460 570 829
3019 6370 8194472 1 1440 580 819
3186 6509 8194482 1 1440 580 817
3304 6578 8194492 1 1430 570 800
3367 6593 8194502 1 1430 570 733
3394 6573 8194512 1 1430 570 664
3354 6461 8194522 1 1430 570 568
3233 6241 8194532 1 1430 570 478
3059 5950 8194542 1 1430 570 468
2861 5618 8194552 1 1430 570 502
2643 5298 8194562 1 1420 570 591
2412 4986 8194572 1 1430 560 641
2218 4707 8194582 1 1430 560 685
2059 4495 8194592 1 1430 560 699
1923 4327 8194602 1 1430 560 699
1867 4204 8194612 1 1400 560 687
1867 4154 8194622 1 1400 560 693
1902 4154 8194632 1 1400 560 693
2001 4215 8194642 1 1390 570 694
2146 4381 8194652 1 1390 570 700
2321 4617 8194662 1 1390 570 705
2503 4938 8194672 1 1380 580 713
2678 5279 8194682 1 1360 570 713
2847 5633 8194692 1 1360 580 708
2951 5964 8194702 1 1360 580 716
3017 6259 8194712 1 1360 580 717
3058 6530 8194722 1 1360 580 724
3072 6752 8194732 1 1360 580 727
3072 6922 8194742 1 1360 580 731
3053 7057 8194752 1 1380 580 749
3018 7129 8194762 1 1390 570 754
2974 7161 8194772 1 1420 570 757
2924 7166 8194782 1 1420 570 756
2867 7138 8194792 1 1430 560 754
2804 7069 8194802 1 1440 560 753
2738 6973 8194812 1 1450 550 750
2658 6813 8194822 1 1450 550 756
2579 6614 8194832 1 1460 540 759
2516 6390 8194842 1 1460 540 777
2462 6093 8194852 1 1460 540 797
2426 5693 8194862 1 1470 530 826
2420 5224 8194872 1 1470 530 817
2433 4629 8194882 1 1470 530 825
2452 4092 8194892 1 1460 540 825
2472 3593 8194902 1 1450 540 843
2495 3331 8194912 1 1440 540 869
2519 3142 8194922 1 1430 550 866
2554 3002 8194932 1 1410 560 884
2623 2955 8194942 1 1400 560 899
2714 2984 8194952 1 1380 570 903
2832 3064 8194962 1 1360 570 899
2989 3270 8194972 1 1350 580 897
3172 3562 8194982 1 1340 580 885
3377 3911 8194992 1 1340 580 875
3585 4363 8195002 1 1320 590 867
3799 4855 8195012 1 1310 600 846
3981 5373 8195022 1 1310 600 828
4142 5899 8195032 1 1290 590 836
4315 6344 8195042 1 1290 590 839
4457 6736 8195052 1 1290 590 842
4579 7022 8195062 1 1290 590 840
4687 7236 8195072 1 1320 590 840
4767 7402 8195082 1 1340 580 842
4829 7557 8195092 1 1350 580 845
4858 7663 8195102 1 1360 570 845
4868 7736 8195112 1 1380 570 849
4868 7771 8195122 1 1390 570 848
4855 7780 8195132 1 1400 560 837
4836 7773 8195142 1 1410 560 830
4812 7749 8195152 1 1430 550 828
4758 7643 8195162 1 1440 540 837
4699 7483 8195172 1 1460 540 867
4637 7183 8195174 1 1460 540 882
4594 6737 8195184 1 1470 530 892
4571 6195 8195194 1 1470 530 897
4560 5539 8195204 1 1460 530 897
4560 4969 8195214 1 1450 540 944
4581 4457 8195224 1 1450 540 979
4607 4192 8195234 1 1440 540 1023
4641 4038 8195244 1 1430 550 1023
4680 3958 8195254 1 1410 560 1023
4722 3928 8195264 1 1400 560 1023
4768 3947 8195274 1 1380 570 1015
4814 3998 8195284 1 1360 570 991
4859 4175 8195294 1 1350 580 934
4887 4451 8195304 1 1350 580 875
4898 4794 8195314 1 1340 580 829
4898 5270 8195324 1 1320 590 797
4913 5806 8195334 1 1310 600 796
4991 6383 8195344 1 1320 600 806
5111 6939 8195354 1 1310 610 839
5315 7360 8195364 1 1290 610 858
5540 7691 8195374 1 1290 610 861
5779 7917 8195384 1 1300 620 860
5997 8073 8195394 1 1320 610 863
6179 8182 8195404 1 1340 610 872
6336 8203 8195414 1 1360 610 909
6449 8140 8195424 1 1360 610 930
6528 8020 8195434 1 1380 600 934
6585 7782 8195444 1 1410 600 946
6571 7493 8195454 1 1420 590 949
6490 7171 8195464 1 1430 590 950
6363 6925 8195474 1 1440 580 953
6194 6734 8195484 1 1460 570 961
6009 6581 8195494 1 1460 570 958
5812 6457 8195504 1 1470 560 944
5623 6407 8195514 1 1480 560 940
5480 6407 8195524 1 1480 560 923
5367 6492 8195534 1 1490 550 893
5277 6642 8195544 1 1490 550 896
5277 6836 8195554 1 1480 560 897
5340 7032 8195564 1 1480 560 921
5466 7171 8195574 1 1480 560 947
5656 7272 8195584 1 1480 560 953
5888 7340 8195594 1 1480 560 985
6103 7360 8195604 1 1480 560 984
6316 7347 8195614 1 1480 560 991
6528 7303 8195624 1 1480 560 993
6668 7232 8195634 1 1480 560 990
6774 7143 8195644 1 1480 560 979
6858 7032 8195654 1 1480 560 964
6883 6884 8195664 1 1480 560 905
6836 6712 8195674 1 1490 560 839
6741 6530 8195684 1 1490 560 796
6591 6325 8195694 1 1490 560 797
6398 6104 8195704 1 1490 560 785
6176 5880 8195714 1 1490 560 811
5952 5668 8195724 1 1480 570 858
5730 5537 8195734 1 1480 570 896
5596 5455 8195744 1 1470 580 899
5520 5430 8195754 1 1470 580 918
5498 5430 8195764 1 1440 580 926
5498 5454 8195774 1 1440 580 924
5524 5541 8195784 1 1430 590 929
5615 5669 8195794 1 1410 590 930
5744 5824 8195804 1 1410 590 936
5897 5988 8195814 1 1410 590 951
6045 6123 8195824 1 1380 590 950
6194 6239 8195834 1 1380 590 951
6318 6314 8195844 1 1380 590 947
6424 6314 8195854 1 1380 590 933
6487 6274 8195864 1 1380 590 946
6522 6128 8195874 1 1380 590 941
6539 5862 8195884 1 1380 590 941
6493 5515 8195894 1 1380 590 950
6408 5120 8195904 1 1380 600 953
6296 4758 8195914 1 1380 600 988
6177 4419 8195924 1 1380 600 999
6090 4178 8195934 1 1360 610 1009
6025 4018 8195944 1 1380 610 1011
6000 3912 8195954 1 1380 610 1009
6000 3894 8195964 1 1370 620 997
6007 3937 8195974 1 1370 620 982
6023 4021 8195984 1 1370 620 997
6063 4241 8195994 1 1350 630 982
6118 4557 8196004 1 1350 630 962
6192 4938 8196014 1 1330 630 953
6266 5359 8196024 1 1320 640 933
6333 5777 8196034 1 1320 640 930
6394 6189 8196044 1 1320 640 929
6464 6503 8196054 1 1320 640 930
6527 6753 8196064 1 1320 640 926
6585 6910 8196074 1 1320 640 929
6618 7005 8196084 1 1320 630 935
6626 7058 8196094 1 1330 620 942
6617 7082 8196104 1 1350 620 945
6596 7106 8196114 1 1360 610 947
6566 7127 8196124 1 1380 600 945
6531 7141 8196134 1 1390 600 942
6493 7146 8196144 1 1390 600 935
6454 7125 8196154 1 1410 590 933
6406 7087 8196164 1 1420 580 930
6351 6985 8196174 1 1430 570 929
6304 6789 8196184 1 1440 570 937
6268 6531 8196194 1 1440 570 956
6239 6092 8196204 1 1450 560 956
6217 5519 8196214 1 1450 560 991
6199 4856 8196224 1 1450 560 991
6199 4170 8196234 1 1440 570 991
6214 3615 8196244 1 1430 570 1011
6246 3147 8196254 1 1420 580 1023
6273 2866 8196264 1 1390 600 1023
6296 2695 8196274 1 1380 600 1023
6316 2598 8196284 1 1350 620 1023
6333 2571 8196294 1 1320 630 1023
6348 2571 8196304 1 1320 640 1021
6372 2589 8196314 1 1280 650 1003
6401 2697 8196324 1 1240 660 999
6442 2902 8196334 1 1220 670 991
6492 3171 8196344 1 1180 680 997
6584 3509 8196354 1 1150 670 977
6705 3937 8196364 1 1120 670 955
6873 4426 8196374 1 1110 690 944
7097 4999 8196384 1 1090 690 951
7359 5609 8196394 1 1060 690 951
7684 6243 8196404 1 1060 690 939
8024 6877 8196414 1 1060 690 944
8375 7383 8196424 1 1090 690 941
8684 7804 8196434 1 1100 700 953
8933 8125 8196444 1 1150 690 968
9143 8352 8196454 1 1180 700 980
9281 8516 8196464 1 1230 690 989
9372 8624 8196474 1 1290 680 987
9432 8673 8196484 1 1310 680 1015
9441 8682 8196494 1 1370 670 1023
9441 8682 8196504 1 1390 670 1023
9441 8682 8196514 1 1420 660 1023
9436 8682 8196524 1 1470 650 1023
9428 8682 8196534 1 1480 650 1023
9414 8682 8196544 1 1510 640 1023
9372 8606 8196554 1 1530 630 1023
9285 8486 8196564 1 1550 630 1023
9168 8208 8196574 1 1560 620 1023
9027 7814 8196584 1 1580 620 1023
8851 7343 8196594 1 1580 620 1023
8652 6757 8196604 1 1590 610 1023
8477 6202 8196614 1 1580 620 1023
8353 5667 8196624 1 1580 620 1023
8263 5358 8196634 1 1570 630 1023
8203 5131 8196644 1 1560 640 1023
8175 4959 8196654 1 1560 640 1023
8169 4909 8196664 1 1530 650 1023
8202 4929 8196674 1 1520 650 1023
8288 4996 8196684 1 1510 660 1023
8409 5181 8196694 1 1500 670 1023
8562 5436 8196704 1 1480 680 1023
8748 5738 8196714 1 1480 680 1023
8956 6099 8196724 1 1470 690 1023
9149 6469 8196734 1 1450 700 1023
9331 6846 8196744 1 1430 690 1023
9505 7163 8196754 1 1410 700 1023
9631 7387 8196764 1 1410 700 1023
9706 7548 8196774 1 1390 690 1023
9747 7637 8196784 1 1390 690 1023
9738 7697 8196794 1 1390 690 1023
9708 7738 8196804 1 1390 690 1023
9665 7783 8196814 1 1410 680 1023
9610 7828 8196824 1 1410 680 1023
9542 7871 8196834 1 1450 680 1023
9466 7917 8196844 1 1450 680 1023
9407 7963 8196854 1 1460 670 1023
9368 7984 8196864 1 1480 670 1023
9341 7984 8196874 1 1490 660 1023
9320 7976 8196884 1 1490 660 1023
9298 7951 8196894 1 1500 650 1023
9268 7860 8196904 1 1500 650 1023
9232 7725 8196914 1 1510 640 1023
9193 7454 8196924 1 1510 640 1023
9154 7039 8196934 1 1530 650 1023
9115 6529 8196944 1 1530 650 1023
9084 5929 8196954 1 1530 650 1023
9077 5338 8196964 1 1520 650 1023
9085 4752 8196974 1 1530 670 1023
9042 4477 8196984 1 1520 680 1023
9002 4236 8196994 1 1510 680 1023
8970 4017 8197004 1 1490 690 1023
8951 3931 8197014 1 1480 700 1023
8940 3906 8197024 1 1460 710 1023
8903 3923 8197034 1 1420 720 1023
8833 4000 8197044 1 1400 730 1023
8741 4137 8197054 1 1350 750 1023
8636 4314 8197064 1 1300 750 1023
8534 4470 8197074 1 1270 750 1023
8450 4523 8197084 1 1230 760 1023
8376 4507 8197094 1 1200 760 1023
8314 4444 8197104 1 1140 760 1023
8269 4301 8197114 1 1140 760 1023
8236 4104 8197124 1 1090 750 1023
8218 3949 8197134 1 1090 750 1023
8202 3824 8197144 1 1090 750 1023
8188 3718 8197154 1 1050 750 1023
8188 3675 8197164 1 1050 750 1023
8196 3662 8197174 1 1050 750 1023
8209 3668 8197184 1 1040 740 1023
8253 3714 8197194 1 1000 740 1023
8318 3832 8197204 1 1000 740 1023
8415 3999 8197214 1 1000 740 1023
8552 4207 8197224 1 1000 740 1023
8716 4418 8197234 1 1000 730 1023
8952 4631 8197244 1 1000 740 1023
9193 4831 8197254 1 1000 740 1023
9438 4998 8197264 1 1000 740 1023
9682 5142 8197274 1 1000 740 1023
9880 5237 8197284 1 1010 750 1023
10046 5264 8197294 1 1010 750 1023
10133 5245 8197304 1 1010 750 1023
10173 5201 8197314 1 1020 760 1023
10182 5155 8197324 1 1060 750 1023
10154 5086 8197334 1 1060 750 1023
10103 5003 8197344 1 1070 760 1023
10036 4946 8197354 1 1110 760 1023
9986 4916 8197364 1 1110 760 1023
9936 4904 8197374 1 1120 770 918
9888 4912 8197384 1 1120 770 124
