410
3910 7018 1256306 0 1580 560 56
3910 7018 1256316 1 1550 520 41
3954 7162 1256326 1 1530 480 37
3954 7241 1256336 1 1500 440 54
3960 7301 1256346 1 1490 430 68
3951 7348 1256356 1 1490 420 144
3932 7382 1256366 1 1480 410 208
3908 7401 1256376 1 1470 420 253
3874 7410 1256386 1 1460 420 265
3832 7403 1256396 1 1450 420 280
3776 7373 1256406 1 1440 430 276
3695 7327 1256416 1 1430 440 281
3597 7255 1256426 1 1430 440 282
3500 7157 1256436 1 1420 440 284
3403 7042 1256446 1 1400 450 286
3306 6887 1256456 1 1390 450 281
3200 6731 1256466 1 1390 450 284
3089 6542 1256476 1 1380 460 282
2968 6332 1256486 1 1360 460 277
2878 6121 1256496 1 1360 460 279
2808 5906 1256506 1 1360 460 277
2759 5728 1256516 1 1350 460 277
2741 5576 1256526 1 1350 460 286
2741 5471 1256536 1 1340 470 296
2767 5392 1256546 1 1340 470 301
2810 5331 1256556 1 1320 470 307
2865 5310 1256566 1 1320 470 315
2938 5336 1256576 1 1310 470 337
3051 5394 1256586 1 1310 470 336
3190 5499 1256596 1 1300 480 344
3335 5616 1256606 1 1300 480 346
3473 5741 1256616 1 1280 480 348
3607 5861 1256626 1 1270 480 354
3737 5976 1256636 1 1270 480 356
3825 6055 1256646 1 1270 480 359
3825 6055 1256656 1 1270 480 359
3938 6152 1256666 1 1280 470 339
3973 6171 1256676 1 1280 470 252
3996 6171 1256686 1 1280 470 136
3161 4837 1256777 0 1310 460 187
2879 4204 1256787 1 1310 460 180
2770 4014 1256797 1 1300 470 170
2710 3913 1256807 1 1300 470 177
2677 3794 1256817 1 1270 460 179
2663 3730 1256827 1 1260 470 177
2681 3704 1256837 1 1260 470 235
2731 3721 1256847 1 1250 470 285
2801 3807 1256857 1 1240 480 312
2905 3938 1256867 1 1240 480 334
3045 4105 1256877 1 1230 480 345
3208 4296 1256887 1 1220 480 336
3361 4504 1256897 1 1220 480 339
3502 4685 1256907 1 1220 480 351
3636 4878 1256917 1 1220 480 368
3766 5080 1256927 1 1220 480 361
3870 5270 1256937 1 1220 480 364
3957 5465 1256947 1 1220 480 362
4048 5664 1256957 1 1220 480 361
4120 5849 1256967 1 1220 480 339
4179 6034 1256977 1 1230 480 301
4206 6190 1256987 1 1230 480 274
4200 6328 1256997 1 1240 480 260
4172 6435 1257007 1 1240 480 260
4113 6497 1257017 1 1250 470 269
4052 6529 1257027 1 1250 470 277
3990 6537 1257037 1 1260 470 273
3953 6543 1257047 1 1260 470 277
3921 6543 1257057 1 1270 460 282
3896 6537 1257067 1 1270 460 284
3875 6522 1257077 1 1290 460 289
3859 6477 1257087 1 1290 460 304
3853 6414 1257097 1 1300 460 310
3844 6318 1257107 1 1310 460 335
3833 6198 1257117 1 1310 460 346
3818 6061 1257127 1 1320 460 364
3797 5884 1257137 1 1320 460 376
3772 5695 1257147 1 1320 460 391
3747 5498 1257157 1 1320 460 418
3724 5260 1257167 1 1300 460 428
3701 5023 1257177 1 1300 460 444
3696 4786 1257187 1 1300 460 452
3711 4593 1257197 1 1290 460 458
3738 4408 1257207 1 1290 460 468
3765 4229 1257217 1 1270 460 475
3794 4066 1257227 1 1270 460 481
3830 3915 1257237 1 1260 470 490
3872 3771 1257247 1 1260 470 490
3921 3666 1257257 1 1250 470 491
3980 3595 1257267 1 1240 480 488
4061 3546 1257277 1 1240 480 499
4155 3516 1257287 1 1220 470 535
4276 3508 1257297 1 1210 480 567
4402 3514 1257307 1 1210 480 600
4554 3545 1257317 1 1200 480 617
4723 3608 1257327 1 1200 480 622
4894 3692 1257337 1 1190 480 644
5056 3806 1257347 1 1190 480 649
5211 3939 1257357 1 1190 490 662
5365 4085 1257367 1 1190 490 675
5506 4248 1257377 1 1190 490 690
5639 4430 1257387 1 1190 490 702
5763 4625 1257397 1 1190 490 700
5852 4828 1257407 1 1190 490 691
5917 5036 1257417 1 1200 500 641
5947 5248 1257427 1 1200 500 475
5947 5490 1257437 1 1200 500 95
6153 6920 1257578 0 1350 460 58
6153 6920 1257588 1 1350 460 68
6153 6920 1257598 1 1350 450 25
6065 6534 1257688 0 1360 450 136
6071 6373 1257698 1 1360 450 148
6071 6348 1257708 1 1360 450 149
6086 6355 1257718 1 1360 450 160
6135 6374 1257728 1 1350 450 182
6206 6435 1257738 1 1350 450 191
6310 6524 1257748 1 1350 450 195
6414 6606 1257758 1 1350 450 200
6513 6667 1257768 1 1350 450 217
6591 6715 1257778 1 1350 450 214
6657 6728 1257788 1 1350 450 240
6689 6709 1257798 1 1350 450 279
6713 6669 1257808 1 1350 450 302
6731 6595 1257818 1 1350 450 319
6745 6469 1257828 1 1350 450 338
6745 6309 1257838 1 1350 450 361
6745 6103 1257848 1 1340 460 367
6730 5845 1257858 1 1340 460 386
6703 5552 1257868 1 1340 460 420
6669 5226 1257878 1 1330 460 430
6622 4890 1257888 1 1330 460 502
6597 4548 1257898 1 1320 470 512
6586 4239 1257908 1 1320 470 541
6580 3969 1257918 1 1310 470 543
6588 3724 1257928 1 1300 480 540
6605 3577 1257938 1 1280 480 553
6618 3459 1257948 1 1270 490 556
6626 3360 1257958 1 1260 490 553
6631 3313 1257968 1 1250 500 550
6631 3313 1257978 1 1240 500 522
6631 3348 1257988 1 1220 500 446
6619 3461 1257998 1 1210 510 362
6619 3669 1258008 1 1210 510 314
6631 3941 1258018 1 1200 510 281
6665 4282 1258028 1 1200 510 279
6716 4636 1258038 1 1200 510 281
6796 4998 1258048 1 1190 510 299
6895 5274 1258058 1 1190 510 311
7007 5578 1258068 1 1200 520 312
7126 5901 1258078 1 1200 520 317
7267 6156 1258088 1 1210 520 314
7423 6429 1258098 1 1220 510 299
7587 6715 1258108 1 1230 510 280
7760 6988 1258118 1 1250 510 237
7946 7228 1258128 1 1260 500 202
8138 7447 1258138 1 1280 500 208
8281 7612 1258148 1 1290 500 239
8395 7709 1258158 1 1300 500 260
8490 7760 1258169 1 1330 500 272
8490 7760 1258179 1 1340 490 286
8574 7731 1258189 1 1350 490 302
8592 7674 1258199 1 1360 490 311
8601 7583 1258209 1 1370 480 316
8601 7469 1258219 1 1380 480 317
8591 7340 1258229 1 1380 480 316
8559 7206 1258239 1 1390 480 316
8485 7042 1258249 1 1400 480 317
8384 6857 1258259 1 1400 480 305
8244 6697 1258269 1 1400 480 309
8091 6522 1258279 1 1400 480 314
7929 6336 1258289 1 1400 480 314
7750 6178 1258299 1 1400 480 314
7575 6034 1258309 1 1400 480 312
7402 5899 1258319 1 1390 480 312
7227 5787 1258329 1 1390 480 312
7081 5720 1258339 1 1380 480 314
6968 5683 1258349 1 1370 480 312
6877 5678 1258359 1 1370 480 314
6807 5688 1258369 1 1370 480 314
6775 5707 1258379 1 1350 490 309
6768 5734 1258389 1 1350 490 309
6794 5790 1258399 1 1350 490 312
6847 5865 1258399 1 1340 480 314
6919 5950 1258409 1 1340 480 324
7005 6032 1258419 1 1340 480 336
7114 6107 1258429 1 1330 470 373
7239 6174 1258439 1 1330 470 396
7401 6231 1258449 1 1330 470 399
7565 6278 1258459 1 1340 470 417
7734 6306 1258469 1 1340 470 428
7909 6323 1258479 1 1340 470 441
8060 6333 1258489 1 1340 470 449
8194 6338 1258499 1 1350 470 440
8344 6338 1258509 1 1360 470 448
8474 6331 1258519 1 1360 470 452
8590 6325 1258529 1 1370 470 452
8682 6317 1258539 1 1380 470 450
8755 6305 1258549 1 1380 470 443
8814 6289 1258559 1 1380 470 428
8837 6259 1258569 1 1380 470 396
8826 6219 1258579 1 1380 470 341
8792 6153 1258589 1 1380 470 281
8705 6051 1258599 1 1380 470 250
8584 5924 1258609 1 1370 470 254
8441 5761 1258619 1 1370 470 254
8277 5605 1258629 1 1370 470 254
8116 5455 1258639 1 1360 480 242
7961 5282 1258649 1 1360 480 250
7812 5134 1258659 1 1360 480 285
7681 5002 1258669 1 1360 480 317
7562 4887 1258679 1 1360 480 342
7479 4806 1258689 1 1350 490 369
7428 4747 1258699 1 1340 480 394
7397 4731 1258709 1 1340 480 417
7397 4731 1258719 1 1340 480 420
7427 4749 1258729 1 1340 480 446
7473 4818 1258739 1 1330 480 447
7559 4920 1258749 1 1320 480 455
7677 5044 1258759 1 1320 480 456
7815 5165 1258769 1 1320 480 466
7952 5282 1258779 1 1320 480 466
8052 5390 1258789 1 1320 480 468
8126 5467 1258799 1 1320 480 469
8188 5524 1258809 1 1320 480 468
8227 5547 1258819 1 1320 480 461
8251 5547 1258829 1 1310 480 458
8262 5529 1258839 1 1310 480 456
8247 5479 1258849 1 1310 480 447
8214 5394 1258859 1 1320 490 439
8151 5285 1258869 1 1320 490 446
8060 5161 1258879 1 1320 490 448
7949 5021 1258889 1 1330 480 449
7833 4870 1258899 1 1320 490 442
7721 4734 1258909 1 1320 490 456
7656 4638 1258919 1 1320 490 466
7619 4570 1258929 1 1300 500 471
7609 4517 1258939 1 1300 500 474
7627 4488 1258949 1 1300 500 475
7663 4476 1258959 1 1300 500 485
7747 4499 1258969 1 1290 490 488
7867 4560 1258979 1 1290 490 490
8012 4647 1258989 1 1290 490 491
8154 4727 1258999 1 1290 490 490
8294 4802 1259009 1 1290 490 486
8397 4826 1259019 1 1290 490 478
8477 4818 1259029 1 1290 490 448
8489 4738 1259039 1 1290 490 362
8430 4583 1259049 1 1280 490 282
8323 4379 1259059 1 1280 490 275
8169 4100 1259069 1 1280 490 280
8015 3817 1259079 1 1290 500 299
7922 3627 1259089 1 1290 500 337
7869 3502 1259099 1 1280 500 333
7857 3426 1259109 1 1280 500 359
7873 3403 1259119 1 1280 500 397
7907 3415 1259129 1 1280 500 423
7964 3488 1259139 1 1280 500 422
8056 3618 1259149 1 1280 500 428
8170 3786 1259159 1 1270 510 431
8308 4004 1259169 1 1270 510 433
8446 4252 1259179 1 1270 510 428
8570 4519 1259189 1 1270 510 407
8684 4792 1259199 1 1270 510 361
8783 5072 1259209 1 1270 510 332
8856 5357 1259219 1 1270 510 284
8912 5625 1259229 1 1280 500 260
8926 5858 1259239 1 1280 500 235
8911 6067 1259249 1 1290 510 191
8877 6244 1259259 1 1300 510 141
8831 6427 1259269 1 1320 500 117
8778 6613 1259279 1 1330 500 113
8720 6750 1259289 1 1330 500 122
8663 6838 1259299 1 1340 490 148
8606 6894 1259309 1 1340 490 175
8549 6894 1259319 1 1340 480 205
8492 6859 1259329 1 1340 480 209
8441 6800 1259339 1 1350 470 251
8393 6708 1259349 1 1350 470 279
8348 6549 1259359 1 1360 470 292
8306 6345 1259369 1 1360 470 315
8281 6092 1259379 1 1360 470 333
8267 5800 1259389 1 1370 460 366
8267 5482 1259399 1 1370 460 393
8267 5075 1259409 1 1360 470 404
8267 4659 1259419 1 1360 470 435
8280 4238 1259429 1 1350 470 444
8294 3805 1259439 1 1340 480 490
8317 3427 1259449 1 1330 480 492
8346 3085 1259459 1 1330 480 501
8380 2775 1259469 1 1300 500 514
8415 2529 1259479 1 1290 500 544
8451 2326 1259489 1 1280 500 537
8493 2105 1259499 1 1270 510 536
8540 1936 1259509 1 1260 510 539
8575 1802 1259519 1 1240 520 543
8610 1704 1259529 1 1220 530 505
8646 1658 1259539 1 1210 530 443
8683 1648 1259549 1 1190 530 346
8721 1720 1259559 1 1180 540 104
9835 5519 1259711 0 1240 500 115
10017 5847 1259721 1 1240 500 172
10085 6006 1259731 1 1250 500 170
10158 6175 1259741 1 1260 490 217
10278 6350 1259751 1 1280 490 226
10428 6535 1259761 1 1290 490 251
10569 6699 1259771 1 1290 490 247
10707 6846 1259781 1 1320 490 250
10843 6990 1259791 1 1320 490 252
10971 7129 1259801 1 1330 500 252
11066 7247 1259811 1 1330 500 250
11139 7350 1259821 1 1350 500 250
11181 7438 1259831 1 1350 500 247
11192 7505 1259841 1 1360 500 251
11181 7557 1259851 1 1370 500 211
11142 7587 1259861 1 1380 500 173
11075 7613 1259871 1 1380 500 51
10748 7644 1259911 0 1410 500 76
10499 7638 1259921 1 1420 490 99
10424 7638 1259931 1 1420 490 122
10378 7638 1259941 1 1420 490 130
10357 7623 1259951 1 1420 490 144
10337 7583 1259961 1 1420 490 161
10317 7527 1259971 1 1420 490 193
10292 7436 1259981 1 1420 490 230
10264 7318 1259991 1 1410 490 255
10232 7182 1260001 1 1420 480 289
10196 6995 1260011 1 1420 480 312
10156 6773 1260021 1 1420 480 324
10108 6527 1260031 1 1400 480 329
10054 6238 1260041 1 1400 480 334
9997 5938 1260051 1 1400 480 344
9928 5630 1260061 1 1390 480 358
9880 5352 1260071 1 1390 480 377
9847 5097 1260081 1 1390 480 393
9847 4857 1260091 1 1380 490 394
9864 4677 1260101 1 1380 490 410
9902 4565 1260111 1 1370 500 422
9963 4499 1260121 1 1350 500 427
10028 4483 1260131 1 1350 500 438
10121 4537 1260141 1 1340 500 449
10231 4637 1260151 1 1340 500 447
10387 4807 1260161 1 1330 510 458
10569 5028 1260171 1 1320 510 463
10769 5284 1260181 1 1300 520 463
10998 5548 1260191 1 1310 520 465
11197 5779 1260201 1 1300 530 463
11377 5989 1260211 1 1300 530 456
11530 6169 1260221 1 1310 540 430
11618 6316 1260231 1 1310 540 392
11662 6442 1260241 1 1310 540 348
11668 6545 1260251 1 1330 540 277
11646 6624 1260261 1 1330 540 230
11605 6686 1260271 1 1330 540 206
11556 6732 1260281 1 1330 540 209
11509 6758 1260291 1 1340 540 230
11463 6770 1260301 1 1340 540 246
11428 6770 1260311 1 1340 540 249
11394 6762 1260321 1 1350 530 254
11364 6733 1260331 1 1350 530 247
11333 6692 1260341 1 1350 530 255
11299 6629 1260351 1 1350 530 260
11264 6541 1260361 1 1360 520 280
11231 6437 1260371 1 1360 520 279
11197 6308 1260381 1 1360 520 286
11165 6174 1260391 1 1360 510 309
11138 6002 1260401 1 1360 510 333
11117 5807 1260411 1 1360 510 372
11104 5610 1260421 1 1360 510 402
11104 5394 1260431 1 1350 520 417
11104 5152 1260441 1 1350 520 433
11116 4900 1260451 1 1350 520 448
11126 4643 1260461 1 1340 520 453
11126 4394 1260471 1 1340 520 469
11126 4151 1260481 1 1340 520 494
11126 3909 1260491 1 1330 530 514
11107 3703 1260501 1 1330 530 542
11085 3522 1260511 1 1310 540 567
11059 3366 1260521 1 1310 540 567
11022 3205 1260531 1 1300 540 595
10977 3087 1260541 1 1290 550 589
10925 2999 1260551 1 1290 550 600
10870 2952 1260561 1 1260 540 599
10812 2945 1260571 1 1260 540 595
10741 2966 1260581 1 1260 540 556
10660 3029 1260591 1 1250 550 492
10571 3149 1260601 1 1250 550 396
10477 3308 1260611 1 1250 550 269
10387 3513 1260621 1 1250 550 96
10306 3736 1260631 1 1240 540 63
10245 3972 1260641 1 1250 540 71
10195 4139 1260651 1 1250 540 103
10145 4239 1260661 1 1270 530 137
10085 4294 1260671 1 1270 530 163
10018 4349 1260681 1 1280 530 209
9953 4359 1260691 1 1280 530 274
9881 4338 1260701 1 1290 520 306
9803 4271 1260711 1 1290 520 322
9743 4160 1260721 1 1300 520 371
9685 4019 1260731 1 1300 520 405
9633 3839 1260741 1 1290 510 418
9610 3656 1260751 1 1300 510 422
9604 3526 1260761 1 1300 510 363
9645 3433 1260771 1 1300 510 91
10757 4145 1260853 0 1280 520 48
11163 4359 1260863 1 1280 520 212
11333 4453 1260873 1 1290 520 230
11509 4491 1260883 1 1280 530 281
11651 4491 1260893 1 1280 530 371
11769 4464 1260903 1 1290 530 415
11851 4404 1260913 1 1290 530 423
11904 4325 1260923 1 1300 540 397
