295
3017 5493 947913 0 1160 680 25
3017 5493 947923 1 1160 660 85
3097 5539 947933 1 1170 650 153
3161 5573 947943 1 1160 630 244
3236 5618 947953 1 1140 610 291
3329 5676 947963 1 1140 590 315
3433 5738 947973 1 1130 570 327
3539 5804 947983 1 1130 560 335
3644 5862 947993 1 1130 540 339
3722 5904 948003 1 1140 530 337
3783 5936 948013 1 1140 510 334
3818 5959 948023 1 1150 500 277
3836 5979 948033 1 1150 500 85
3551 6505 948163 0 1220 500 58
3551 6505 948173 1 1220 500 86
3551 6505 948183 1 1210 490 107
3551 6505 948193 1 1210 490 148
3551 6505 948203 1 1210 490 172
3551 6505 948213 1 1210 490 215
3551 6505 948223 1 1210 490 239
3551 6505 948233 1 1210 490 259
3551 6505 948243 1 1210 490 277
3576 6417 948253 1 1210 490 316
3593 6346 948263 1 1220 480 339
3610 6262 948273 1 1220 480 353
3625 6144 948283 1 1220 480 373
3638 5967 948293 1 1210 490 389
3638 5752 948303 1 1210 490 405
3638 5529 948313 1 1190 490 431
3638 5252 948323 1 1190 490 461
3647 4940 948333 1 1180 490 485
3662 4661 948343 1 1170 500 512
3683 4455 948353 1 1160 500 513
3706 4298 948363 1 1150 510 522
3725 4141 948373 1 1140 510 530
3742 4039 948383 1 1130 520 526
3750 3975 948393 1 1100 520 509
3750 3956 948403 1 1100 530 465
3750 3956 948413 1 1080 540 168
3520 5418 949154 0 1080 520 46
3520 5418 949164 1 1080 520 65
3520 5418 949174 1 1080 520 108
3520 5418 949184 1 1080 520 170
3520 5418 949194 1 1080 520 214
3526 5411 949204 1 1080 520 282
3526 5403 949214 1 1080 520 337
3535 5387 949224 1 1080 520 392
3541 5359 949234 1 1080 520 461
3541 5325 949244 1 1080 520 517
3541 5291 949254 1 1080 520 548
3546 5270 949264 1 1080 520 568
3546 5256 949274 1 1080 520 574
3552 5249 949284 1 1080 520 580
3552 5249 949294 1 1080 520 577
3552 5249 949304 1 1080 520 580
3552 5249 949314 1 1080 520 580
3552 5249 949324 1 1080 520 574
3546 5240 949334 1 1080 520 569
3536 5203 949344 1 1080 520 567
3510 5145 949354 1 1080 520 569
3469 5056 949364 1 1080 520 569
3417 4961 949374 1 1080 520 580
3364 4854 949384 1 1080 520 584
3312 4750 949394 1 1070 520 592
3263 4650 949404 1 1070 520 592
3218 4576 949414 1 1070 520 594
3196 4538 949424 1 1070 520 592
3188 4523 949434 1 1060 520 546
3194 4523 949444 1 1060 520 439
3201 4543 949454 1 1060 520 196
3567 5186 949545 0 1040 520 244
3661 5203 949555 1 1040 520 294
3680 5203 949565 1 1040 520 405
3703 5203 949575 1 1050 530 486
3741 5190 949585 1 1060 530 536
3786 5172 949595 1 1060 530 566
3842 5148 949605 1 1060 530 586
3904 5124 949615 1 1080 530 591
3973 5112 949625 1 1080 530 575
4041 5107 949635 1 1080 530 518
4090 5107 949645 1 1090 520 338
4251 5576 949795 0 1090 490 284
4251 5576 949805 1 1090 490 284
4251 5576 949815 1 1090 490 285
4251 5576 949825 1 1090 490 287
4251 5576 949835 1 1090 490 309
4251 5576 949845 1 1090 490 334
4333 5625 949855 1 1100 500 382
4383 5659 949865 1 1100 500 415
4450 5704 949875 1 1100 500 469
4543 5760 949885 1 1100 500 489
4654 5822 949895 1 1110 510 509
4776 5888 949905 1 1110 510 524
4874 5935 949915 1 1120 520 541
4960 5978 949925 1 1130 520 543
5037 6013 949935 1 1140 530 546
5104 6044 949945 1 1140 530 551
5160 6071 949955 1 1150 520 550
5208 6097 949965 1 1150 520 553
5234 6113 949975 1 1170 530 556
5241 6123 949985 1 1170 530 542
5236 6123 949995 1 1180 530 488
5219 6130 950005 1 1180 530 317
4821 6345 950116 0 1210 520 136
4821 6345 950126 1 1210 520 151
4821 6345 950136 1 1210 520 156
4821 6345 950146 1 1210 520 160
4821 6345 950156 1 1210 520 160
4821 6345 950166 1 1200 510 160
4821 6345 950176 1 1200 510 165
4821 6345 950186 1 1210 520 170
4821 6345 950196 1 1210 520 185
4831 6230 950206 1 1210 520 209
4839 6172 950216 1 1210 520 244
4839 6094 950226 1 1210 520 309
4844 5986 950236 1 1210 520 359
4844 5859 950246 1 1210 520 391
4835 5703 950256 1 1210 530 431
4835 5545 950266 1 1210 530 468
4827 5336 950276 1 1190 530 520
4827 5093 950286 1 1190 530 544
4840 4897 950296 1 1180 540 536
4868 4701 950306 1 1170 540 545
4887 4547 950316 1 1150 540 619
4908 4420 950326 1 1140 550 620
4929 4262 950336 1 1120 550 613
4943 4171 950346 1 1110 550 613
4952 4124 950356 1 1080 560 620
4957 4078 950366 1 1070 560 592
4957 4062 950376 1 1060 570 524
4949 4062 950386 1 1040 570 336
4595 5567 950536 0 1030 550 115
4595 5567 950546 1 1030 550 196
4595 5567 950556 1 1050 550 260
4506 5449 950566 1 1060 540 344
4474 5360 950576 1 1060 540 448
4438 5242 950586 1 1070 540 505
4398 5127 950596 1 1060 530 537
4363 5013 950606 1 1060 530 541
4342 4912 950616 1 1080 530 515
4331 4856 950626 1 1080 530 363
4618 5320 950717 0 1070 540 272
4733 5309 950727 1 1070 540 361
4754 5302 950737 1 1070 540 464
4754 5294 950747 1 1070 550 602
4763 5284 950757 1 1070 550 733
4763 5279 950767 1 1070 550 820
4763 5279 950777 1 1070 550 896
4763 5279 950787 1 1080 560 934
4758 5274 950797 1 1080 560 979
4758 5274 950807 1 1080 560 984
4758 5268 950817 1 1100 560 1002
4758 5262 950827 1 1100 560 1015
4758 5257 950837 1 1110 570 1023
4753 5257 950847 1 1110 570 1023
4753 5262 950857 1 1130 570 1003
4753 5262 950867 1 1130 580 1000
4761 5262 950877 1 1130 580 1000
4761 5256 950887 1 1130 580 993
4769 5256 950897 1 1150 580 990
4783 5251 950907 1 1150 580 987
4803 5246 950917 1 1150 580 979
4814 5240 950927 1 1160 570 997
4826 5235 950937 1 1160 570 986
4842 5229 950947 1 1160 570 970
4862 5222 950957 1 1160 560 953
4892 5210 950967 1 1160 560 941
4940 5210 950977 1 1170 560 935
4998 5227 950987 1 1170 560 934
5062 5242 950997 1 1170 560 951
5125 5253 951007 1 1160 550 947
5187 5258 951017 1 1160 550 944
5226 5263 951027 1 1160 550 944
5250 5263 951037 1 1160 550 932
5259 5263 951047 1 1150 540 908
5271 5269 951057 1 1150 540 809
5290 5279 951067 1 1140 550 559
5884 5979 951247 0 1160 500 297
5975 5998 951257 1 1170 500 387
5955 6003 951267 1 1170 500 391
5963 6003 951277 1 1180 510 441
5990 5992 951287 1 1190 500 486
6021 5981 951297 1 1190 500 524
6048 5964 951307 1 1200 510 548
6074 5940 951317 1 1210 510 568
6100 5912 951327 1 1220 510 563
6125 5884 951337 1 1230 520 560
6150 5854 951347 1 1230 520 550
6170 5820 951357 1 1230 530 405
6091 5377 951458 0 1190 540 605
6085 5245 951468 1 1190 540 655
6048 5218 951478 1 1170 550 665
6039 5218 951488 1 1160 550 678
6048 5223 951498 1 1160 550 696
6048 5228 951508 1 1150 550 694
6059 5264 951518 1 1150 550 690
6071 5336 951528 1 1150 550 617
6112 5431 951538 1 1150 550 498
6170 5534 951548 1 1150 550 149
6447 5884 951668 0 1180 560 259
6447 5884 951678 1 1180 560 287
6447 5884 951688 1 1200 550 292
6447 5884 951698 1 1200 550 315
6447 5884 951708 1 1210 550 364
6447 5884 951718 1 1210 550 420
6447 5884 951728 1 1210 550 473
6447 5884 951738 1 1230 550 521
6447 5884 951748 1 1230 550 574
6494 5753 951758 1 1230 550 637
6499 5670 951768 1 1230 550 666
6511 5571 951778 1 1210 550 710
6524 5468 951788 1 1210 550 730
6539 5356 951798 1 1210 560 725
6553 5238 951808 1 1210 560 727
6569 5141 951818 1 1190 560 733
6581 5079 951828 1 1190 560 667
6596 5040 951838 1 1180 570 502
6607 5025 951848 1 1160 570 142
6705 5672 951958 0 1130 580 322
6785 5705 951968 1 1130 580 338
6816 5721 951978 1 1130 580 372
6850 5736 951988 1 1130 580 443
6917 5757 951998 1 1130 580 486
7004 5797 952008 1 1160 580 514
7124 5851 952018 1 1160 580 527
7267 5895 952028 1 1170 580 536
7424 5924 952038 1 1180 590 602
7560 5943 952048 1 1200 580 605
7697 5954 952058 1 1200 580 613
7811 5973 952068 1 1230 590 614
7909 6000 952078 1 1230 590 636
7980 6020 952088 1 1240 600 650
8038 6035 952098 1 1260 600 669
8086 6044 952108 1 1260 600 691
8124 6044 952118 1 1290 600 697
8143 6044 952128 1 1290 600 690
8149 6044 952138 1 1320 600 702
8141 6025 952148 1 1320 600 708
8119 5991 952158 1 1340 600 713
8088 5944 952168 1 1340 600 717
8051 5890 952178 1 1350 600 719
8015 5835 952188 1 1350 600 724
7985 5782 952198 1 1340 610 724
7963 5739 952208 1 1340 610 722
7937 5702 952218 1 1320 610 708
7908 5664 952228 1 1320 610 642
7844 5621 952238 1 1300 620 315
7095 5219 952299 0 1240 630 344
7095 5219 952309 1 1210 630 460
7095 5219 952319 1 1210 630 488
7095 5219 952329 1 1190 630 568
7095 5219 952339 1 1190 630 639
7202 5263 952349 1 1180 620 684
7306 5306 952359 1 1180 620 724
7432 5356 952369 1 1180 620 757
7577 5410 952379 1 1170 610 762
7739 5455 952389 1 1190 610 765
7911 5484 952399 1 1190 610 785
8015 5503 952409 1 1180 620 757
8095 5510 952419 1 1180 620 736
8159 5526 952429 1 1180 620 638
8183 5548 952439 1 1190 630 444
7588 6668 952639 0 1300 580 279
7588 6668 952649 1 1280 570 302
7599 6588 952659 1 1300 560 306
7591 6572 952669 1 1300 560 319
7591 6520 952679 1 1300 560 374
7591 6496 952689 1 1300 560 404
7591 6454 952699 1 1310 560 422
7591 6391 952709 1 1300 550 431
7596 6323 952719 1 1290 560 455
7596 6236 952729 1 1290 560 486
7596 6136 952739 1 1290 560 522
7596 6014 952749 1 1290 560 540
7586 5880 952759 1 1270 560 565
7579 5739 952769 1 1270 560 586
7572 5630 952779 1 1260 570 616
7572 5517 952789 1 1270 570 646
7572 5383 952799 1 1260 580 669
7572 5237 952809 1 1240 580 691
7572 5074 952819 1 1240 580 690
7563 4914 952829 1 1230 590 694
7563 4757 952839 1 1210 590 705
7563 4629 952849 1 1190 600 722
7563 4507 952859 1 1180 600 742
7571 4389 952869 1 1160 600 749
7583 4209 952879 1 1140 610 759
7599 4060 952889 1 1130 610 771
7605 3933 952899 1 1110 610 767
7605 3785 952909 1 1070 620 811
7629 3643 952919 1 1050 620 806
7634 3505 952929 1 1040 630 808
7627 3471 952939 1 1000 640 793
7619 3463 952949 1 980 640 668
7608 3473 952959 1 960 640 304
