173
1681 5270 8791491 0 1170 470 280
1702 5295 8791501 1 1180 480 289
1677 5351 8791511 1 1190 480 276
1682 5421 8791521 1 1190 490 285
1707 5463 8791531 1 1190 490 274
1758 5524 8791541 1 1200 500 277
1842 5597 8791551 1 1210 510 289
1947 5672 8791561 1 1210 510 306
2089 5744 8791571 1 1220 510 314
2222 5812 8791581 1 1230 520 316
2348 5850 8791591 1 1230 520 312
2446 5869 8791601 1 1240 530 327
2527 5858 8791611 1 1250 540 333
2596 5813 8791621 1 1270 530 346
2630 5746 8791631 1 1280 540 353
2614 5629 8791641 1 1280 540 351
2564 5464 8791651 1 1280 540 351
2468 5268 8791661 1 1280 540 363
2353 5073 8791671 1 1280 540 392
2226 4884 8791681 1 1280 540 448
2103 4699 8791691 1 1290 530 490
1986 4563 8791701 1 1290 530 522
1919 4477 8791711 1 1290 530 537
1883 4425 8791721 1 1290 530 532
1883 4431 8791731 1 1290 530 535
1947 4467 8791741 1 1280 540 532
2050 4522 8791751 1 1280 540 526
2184 4594 8791761 1 1260 540 522
2318 4664 8791771 1 1260 540 532
2446 4728 8791781 1 1250 550 522
2570 4759 8791791 1 1250 550 515
2667 4770 8791801 1 1250 550 512
2706 4722 8791811 1 1250 550 510
2706 4619 8791821 1 1250 550 502
2637 4479 8791831 1 1250 550 512
2537 4288 8791841 1 1250 550 522
2417 4111 8791851 1 1250 550 516
2315 3944 8791861 1 1250 550 524
2245 3813 8791871 1 1250 550 522
2195 3746 8791881 1 1250 550 517
2195 3722 8791891 1 1230 550 502
2232 3722 8791901 1 1230 550 473
2304 3722 8791911 1 1230 550 468
2405 3722 8791921 1 1230 550 465
2520 3677 8791931 1 1230 550 471
2643 3596 8791941 1 1230 550 490
2727 3489 8791951 1 1240 550 493
2768 3330 8791961 1 1220 560 498
2779 3184 8791971 1 1220 560 504
2767 3046 8791981 1 1220 560 510
2734 2912 8791991 1 1220 560 510
2687 2817 8792001 1 1220 560 478
2629 2747 8792011 1 1220 560 389
2589 2757 8792021 1 1210 560 254
2561 2873 8792031 1 1210 560 81
2554 3348 8792052 0 1200 550 13
2601 4000 8792062 1 1200 550 127
2682 4279 8792072 1 1200 550 213
2768 4506 8792082 1 1200 550 247
2891 4699 8792092 1 1200 550 274
3036 4908 8792102 1 1200 550 306
3228 5087 8792112 1 1200 550 329
3416 5246 8792122 1 1200 540 356
3601 5387 8792132 1 1200 540 368
3783 5476 8792142 1 1200 540 361
3904 5530 8792152 1 1220 540 363
3985 5506 8792162 1 1220 540 354
4010 5390 8792172 1 1220 530 349
3960 5214 8792182 1 1220 530 346
3859 4963 8792192 1 1220 530 373
3712 4666 8792202 1 1230 520 440
3552 4339 8792212 1 1230 520 530
3384 4031 8792222 1 1230 520 574
3315 3844 8792232 1 1230 520 572
3315 3738 8792242 1 1230 520 570
3364 3701 8792252 1 1230 520 564
3438 3736 8792262 1 1220 530 567
3515 3819 8792272 1 1220 530 564
3614 3982 8792282 1 1220 530 567
3725 4215 8792292 1 1220 530 557
3834 4494 8792302 1 1210 530 544
3938 4806 8792312 1 1210 530 522
4038 5114 8792322 1 1210 530 522
4133 5420 8792332 1 1210 530 514
4204 5706 8792342 1 1210 530 515
4259 5876 8792352 1 1220 530 519
4259 5968 8792362 1 1220 530 515
4215 5990 8792372 1 1230 520 497
4145 5930 8792382 1 1240 520 499
4038 5816 8792392 1 1240 520 505
3928 5596 8792402 1 1260 510 526
3815 5248 8792412 1 1260 510 562
3711 4816 8792422 1 1260 510 591
3650 4348 8792432 1 1270 510 616
3617 3896 8792442 1 1270 510 644
3647 3456 8792452 1 1280 520 649
3725 3191 8792462 1 1270 520 662
3835 3033 8792472 1 1270 520 666
3962 2946 8792482 1 1250 530 669
4092 2933 8792492 1 1250 530 667
4230 3023 8792502 1 1240 530 679
4345 3182 8792512 1 1230 530 667
4445 3406 8792522 1 1220 540 640
4509 3657 8792532 1 1200 540 617
4539 3925 8792542 1 1200 540 613
4545 4157 8792552 1 1190 540 608
4492 4273 8792562 1 1190 540 603
4404 4311 8792572 1 1170 550 602
4293 4266 8792582 1 1170 550 622
4173 4150 8792592 1 1170 550 662
4130 3986 8792602 1 1170 550 672
4138 3836 8792612 1 1170 540 684
4264 3687 8792622 1 1180 540 691
4450 3539 8792632 1 1180 540 697
4675 3438 8792642 1 1180 540 690
4932 3371 8792652 1 1180 540 688
5190 3327 8792662 1 1190 540 673
5460 3304 8792672 1 1190 540 620
5739 3304 8792682 1 1190 540 520
5978 3324 8792692 1 1180 560 282
5833 5102 8792903 0 1270 510 309
5807 5166 8792913 1 1270 510 309
5807 5235 8792923 1 1280 500 312
5881 5304 8792933 1 1270 500 329
5998 5399 8792943 1 1280 490 354
6118 5493 8792953 1 1280 490 402
6306 5585 8792963 1 1270 500 452
6538 5698 8792973 1 1270 500 496
6816 5825 8792983 1 1280 500 512
7091 5992 8792993 1 1270 510 512
7365 6122 8793003 1 1280 520 522
7620 6228 8793013 1 1300 520 521
7805 6283 8793023 1 1310 520 515
7943 6283 8793033 1 1330 530 498
7983 6240 8793043 1 1340 520 473
7956 6153 8793053 1 1350 530 447
7883 6003 8793063 1 1360 540 428
7722 5812 8793073 1 1370 530 427
7513 5619 8793083 1 1390 540 443
7271 5402 8793093 1 1390 540 499
7018 5169 8793103 1 1400 540 585
6815 4984 8793113 1 1400 540 637
6646 4842 8793123 1 1400 540 667
6570 4728 8793133 1 1400 540 665
6557 4689 8793143 1 1400 540 663
6586 4667 8793153 1 1400 540 669
6662 4656 8793163 1 1390 550 685
6796 4680 8793173 1 1370 540 693
6969 4750 8793183 1 1360 550 699
7165 4850 8793193 1 1360 550 699
7391 4975 8793203 1 1350 540 705
7636 5098 8793213 1 1350 540 702
7878 5193 8793223 1 1350 540 705
8053 5272 8793233 1 1350 540 700
8184 5279 8793243 1 1350 540 664
8237 5210 8793253 1 1350 540 634
8199 5091 8793263 1 1360 550 594
8099 4902 8793273 1 1360 550 584
7934 4689 8793283 1 1360 550 591
7704 4461 8793293 1 1380 550 592
7430 4199 8793303 1 1380 550 644
7156 3944 8793313 1 1380 550 711
6908 3694 8793323 1 1380 550 765
6733 3512 8793333 1 1380 550 793
6599 3372 8793343 1 1380 550 818
6589 3261 8793353 1 1360 560 825
6676 3190 8793363 1 1360 560 857
6827 3159 8793373 1 1360 560 855
7055 3159 8793383 1 1350 570 866
7379 3233 8793393 1 1350 570 860
7767 3375 8793403 1 1350 570 860
8220 3560 8793413 1 1350 570 750
8697 3751 8793423 1 1340 570 346
