234
3609 5959 190333 0 1350 530 314
3609 5959 190343 1 1370 530 344
3609 5959 190353 1 1390 520 372
3609 5959 190363 1 1410 520 418
3609 5959 190373 1 1420 530 465
3715 6020 190383 1 1450 530 495
3758 6081 190393 1 1450 530 504
3801 6153 190403 1 1460 530 514
3845 6227 190413 1 1460 530 517
3890 6303 190423 1 1460 530 517
3903 6381 190433 1 1460 530 520
3893 6452 190443 1 1450 530 515
3870 6518 190453 1 1450 530 546
3827 6559 190463 1 1450 530 565
3771 6586 190473 1 1430 520 580
3703 6586 190483 1 1440 510 595
3628 6545 190493 1 1440 510 614
3548 6485 190503 1 1440 510 638
3469 6381 190513 1 1440 510 656
3394 6252 190523 1 1440 510 669
3321 6107 190533 1 1440 510 685
3263 5958 190543 1 1430 520 693
3229 5807 190553 1 1430 520 700
3212 5709 190563 1 1430 520 702
3223 5646 190573 1 1420 530 690
3254 5603 190583 1 1420 530 691
3297 5579 190593 1 1410 530 693
3359 5569 190603 1 1410 530 696
3437 5589 190613 1 1410 530 693
3526 5646 190623 1 1400 540 702
3634 5729 190633 1 1400 540 694
3743 5834 190643 1 1390 550 691
3852 5945 190653 1 1390 550 690
3924 6061 190663 1 1390 550 691
3962 6136 190673 1 1390 550 699
3977 6184 190683 1 1390 550 694
3977 6213 190693 1 1390 550 702
3977 6213 190703 1 1390 550 699
3971 6213 190713 1 1390 550 699
3957 6163 190723 1 1400 540 705
3935 6084 190733 1 1400 540 722
3899 5940 190743 1 1410 550 722
3854 5770 190753 1 1420 540 746
3804 5583 190763 1 1420 540 756
3750 5381 190773 1 1420 540 785
3684 5176 190783 1 1420 540 796
3611 4987 190793 1 1430 530 817
3544 4809 190803 1 1420 540 818
3477 4664 190813 1 1420 540 839
3411 4549 190823 1 1410 550 851
3334 4455 190833 1 1410 550 866
3250 4365 190843 1 1400 550 855
3157 4296 190853 1 1390 560 855
3054 4242 190863 1 1380 550 854
2944 4214 190873 1 1360 560 854
2841 4214 190883 1 1350 570 854
2737 4230 190893 1 1350 570 861
2627 4283 190903 1 1340 570 837
2514 4371 190913 1 1340 570 811
2417 4482 190923 1 1310 570 762
2352 4588 190933 1 1310 570 690
2309 4690 190943 1 1310 570 540
2320 4785 190953 1 1310 570 235
5136 6007 191144 0 1420 500 353
5262 6087 191154 1 1420 500 398
5262 6146 191164 1 1420 500 414
5231 6217 191174 1 1440 500 447
5241 6273 191184 1 1440 500 475
5241 6337 191194 1 1440 500 496
5232 6407 191204 1 1450 510 501
5207 6460 191214 1 1440 510 509
5161 6493 191224 1 1460 520 514
5100 6512 191234 1 1460 520 513
5010 6486 191244 1 1470 520 538
4910 6423 191254 1 1480 530 568
4803 6336 191264 1 1480 530 616
4695 6227 191274 1 1480 530 655
4612 6112 191284 1 1480 530 690
4546 5968 191294 1 1480 530 699
4510 5808 191304 1 1480 530 702
4510 5712 191314 1 1470 530 694
4525 5650 191324 1 1470 530 696
4567 5611 191334 1 1460 530 694
4642 5601 191344 1 1450 540 697
4739 5640 191354 1 1450 540 671
4869 5713 191364 1 1420 540 644
4999 5834 191374 1 1420 540 636
5129 5963 191384 1 1420 540 633
5245 6097 191394 1 1420 540 633
5323 6192 191404 1 1420 540 644
5375 6260 191414 1 1420 540 662
5389 6309 191424 1 1410 550 690
5389 6309 191434 1 1410 550 688
5389 6309 191444 1 1410 550 697
5389 6259 191454 1 1430 550 720
5384 6180 191464 1 1440 540 737
5375 6069 191474 1 1440 540 761
5375 5954 191484 1 1450 550 759
5375 5835 191494 1 1460 540 777
5389 5754 191504 1 1460 540 787
5420 5699 191514 1 1460 540 790
5463 5665 191524 1 1460 540 793
5513 5651 191534 1 1460 540 793
5574 5651 191544 1 1450 550 790
5662 5684 191554 1 1450 550 785
5767 5758 191564 1 1450 550 768
5895 5860 191574 1 1450 550 757
6022 6001 191584 1 1450 550 731
6147 6147 191594 1 1460 550 716
6270 6297 191604 1 1460 550 711
6363 6443 191614 1 1460 550 719
6435 6552 191624 1 1480 560 727
6468 6636 191634 1 1480 560 761
6481 6666 191644 1 1480 560 756
6481 6674 191654 1 1480 560 753
6481 6668 191664 1 1490 560 754
6468 6656 191674 1 1500 550 760
6450 6597 191684 1 1500 550 777
6403 6507 191694 1 1530 550 787
6349 6367 191704 1 1530 550 811
6291 6225 191714 1 1530 540 827
6240 6077 191724 1 1530 540 818
6191 5927 191734 1 1550 540 819
6161 5779 191744 1 1550 540 824
6143 5684 191754 1 1550 540 825
6149 5625 191764 1 1540 550 825
6171 5592 191774 1 1540 550 818
6204 5580 191784 1 1530 550 806
6260 5580 191794 1 1520 560 757
6328 5622 191804 1 1520 560 697
6404 5684 191814 1 1510 560 611
6469 5760 191824 1 1510 560 489
6508 5843 191834 1 1500 570 389
6529 5924 191844 1 1500 570 346
6512 5985 191854 1 1500 570 342
6470 6034 191864 1 1500 570 335
6411 6070 191874 1 1500 570 337
6326 6101 191884 1 1500 570 337
6222 6123 191894 1 1500 570 342
6106 6136 191904 1 1500 570 359
5992 6141 191914 1 1510 560 425
5900 6141 191924 1 1520 560 494
5823 6141 191934 1 1520 560 570
5778 6136 191944 1 1510 540 619
5762 6136 191954 1 1510 540 630
5762 6136 191964 1 1520 540 649
5781 6136 191974 1 1520 540 705
5841 6136 191984 1 1530 530 739
5930 6147 191994 1 1530 530 753
6045 6167 192004 1 1520 530 765
6186 6200 192014 1 1530 520 773
6344 6231 192024 1 1530 520 771
6481 6255 192034 1 1530 520 752
6597 6270 192044 1 1530 520 700
6698 6270 192054 1 1530 520 599
6773 6270 192064 1 1530 530 455
6812 6258 192074 1 1530 530 284
6699 6135 192126 0 1540 530 200
6699 6135 192136 1 1540 530 312
6634 6055 192146 1 1540 530 389
6640 6029 192156 1 1540 530 473
6659 6002 192166 1 1540 530 557
6693 5975 192176 1 1540 530 627
6755 5960 192186 1 1540 530 661
6835 5953 192196 1 1540 530 669
6939 5970 192206 1 1560 530 684
7046 6010 192216 1 1560 530 691
7160 6065 192226 1 1560 530 691
7280 6128 192236 1 1560 530 684
7381 6195 192246 1 1570 540 675
7470 6264 192256 1 1570 540 662
7520 6323 192266 1 1570 540 661
7535 6381 192276 1 1570 540 655
7526 6436 192286 1 1580 540 650
7494 6475 192296 1 1580 540 650
7438 6504 192306 1 1580 540 652
7365 6494 192316 1 1580 540 658
7260 6450 192326 1 1600 540 669
7173 6384 192336 1 1600 540 697
7097 6307 192346 1 1600 540 731
7046 6213 192356 1 1600 540 762
6998 6109 192366 1 1600 540 780
6975 5997 192376 1 1600 540 790
6968 5910 192386 1 1590 550 794
6998 5840 192396 1 1590 550 788
7056 5794 192406 1 1590 550 799
7133 5778 192416 1 1580 560 800
7242 5778 192426 1 1570 560 797
7385 5825 192436 1 1570 560 785
7550 5905 192446 1 1570 560 763
7708 6009 192456 1 1570 560 742
7850 6103 192466 1 1570 560 720
7980 6194 192476 1 1570 570 728
8064 6283 192486 1 1570 570 728
8128 6372 192496 1 1570 570 730
8179 6457 192506 1 1590 570 720
8201 6506 192516 1 1590 570 728
8201 6532 192526 1 1590 570 734
8195 6532 192536 1 1610 570 737
8169 6515 192546 1 1610 570 742
8128 6480 192556 1 1610 570 750
8077 6413 192566 1 1630 570 765
8039 6343 192576 1 1630 570 779
8007 6269 192586 1 1630 560 794
7998 6197 192596 1 1650 560 797
7998 6132 192606 1 1650 560 814
8028 6071 192616 1 1650 550 832
8079 6010 192626 1 1650 550 833
8146 5958 192636 1 1650 550 845
8242 5911 192646 1 1650 550 849
8356 5875 192656 1 1650 550 852
8481 5838 192666 1 1650 560 852
8588 5800 192676 1 1650 560 855
8658 5759 192686 1 1650 560 857
8703 5714 192696 1 1640 570 861
8715 5666 192706 1 1640 570 869
8700 5618 192716 1 1620 580 878
8668 5568 192726 1 1620 580 900
8612 5515 192736 1 1610 590 900
8525 5461 192746 1 1610 590 920
8418 5415 192756 1 1610 600 939
8280 5373 192766 1 1610 600 948
8129 5334 192776 1 1600 600 933
7970 5297 192786 1 1600 600 935
7795 5267 192796 1 1590 610 943
7642 5240 192806 1 1590 610 946
7504 5218 192816 1 1590 610 950
7366 5200 192826 1 1590 610 946
7230 5186 192836 1 1570 610 944
7123 5186 192846 1 1570 610 933
7034 5186 192856 1 1570 610 914
6957 5197 192866 1 1570 610 853
6896 5211 192876 1 1560 610 752
6845 5227 192886 1 1560 610 417
