138
3562 4760 52374179 0 1320 400 142
3562 4760 52374189 1 1330 400 240
3562 4760 52374199 1 1320 410 245
3562 4760 52374209 1 1330 410 247
3562 4760 52374219 1 1340 420 257
3716 4811 52374229 1 1330 420 272
3842 4891 52374239 1 1340 430 270
3985 4988 52374249 1 1340 440 190
4053 5347 52374330 0 1350 470 309
3907 5371 52374340 1 1350 470 394
3848 5358 52374350 1 1350 470 418
3815 5317 52374360 1 1350 470 438
3807 5226 52374370 1 1360 480 473
3815 5078 52374380 1 1360 480 488
3843 4893 52374390 1 1370 470 507
3875 4644 52374400 1 1360 480 509
3930 4369 52374410 1 1360 480 445
3999 4077 52374420 1 1360 480 334
4088 3843 52374430 1 1350 490 250
4166 3748 52374440 1 1350 490 170
3992 4664 52374520 0 1300 500 377
3880 4670 52374530 1 1300 500 391
3796 4609 52374540 1 1300 500 409
3677 4508 52374550 1 1290 490 430
3563 4341 52374560 1 1290 490 443
3448 4129 52374570 1 1290 490 447
3329 3913 52374580 1 1290 490 443
3215 3697 52374590 1 1290 490 335
3181 3614 52374600 1 1290 490 99
3563 4243 52374660 0 1270 490 196
3689 4506 52374670 1 1270 490 314
3713 4576 52374680 1 1270 490 362
3727 4599 52374690 1 1270 490 413
3746 4610 52374700 1 1270 490 473
3785 4610 52374710 1 1270 490 512
3837 4610 52374720 1 1270 490 524
3919 4589 52374730 1 1270 490 527
4024 4550 52374740 1 1270 490 467
4144 4510 52374750 1 1270 490 282
4705 5059 52374891 0 1330 470 566
4668 4948 52374901 1 1330 470 544
4622 4982 52374911 1 1330 470 540
4559 5070 52374921 1 1330 460 537
4567 5075 52374931 1 1320 460 541
4670 5099 52374941 1 1310 450 541
4837 5135 52374951 1 1320 460 540
4955 5173 52374961 1 1320 460 522
5064 5212 52374971 1 1320 460 436
5167 5252 52374981 1 1330 460 304
5233 5288 52374991 1 1330 460 70
5259 5407 52375031 0 1350 470 10
5220 5529 52375041 1 1360 480 139
5192 5564 52375051 1 1370 480 240
5164 5584 52375061 1 1380 490 264
5151 5584 52375071 1 1400 500 275
5151 5541 52375081 1 1410 500 335
5139 5474 52375091 1 1410 500 423
5130 5312 52375101 1 1420 500 495
5116 5065 52375111 1 1420 500 521
5099 4761 52375121 1 1420 500 530
5091 4431 52375131 1 1410 510 527
5078 4096 52375141 1 1410 510 468
5084 3861 52375151 1 1410 510 361
5104 3695 52375161 1 1400 520 225
5062 4718 52375251 0 1360 520 287
5062 4718 52375261 1 1350 530 301
4925 4655 52375271 1 1350 530 311
4829 4600 52375281 1 1350 530 324
4724 4476 52375291 1 1350 530 335
4610 4311 52375301 1 1350 530 319
4489 4164 52375311 1 1340 520 168
4784 4507 52375371 0 1340 510 255
5046 4701 52375381 1 1340 510 368
5105 4731 52375391 1 1340 510 440
5125 4708 52375401 1 1340 510 489
5186 4681 52375411 1 1340 510 515
5259 4629 52375421 1 1330 520 514
5340 4563 52375431 1 1330 520 404
6721 5201 52375792 0 1260 470 418
6721 5201 52375802 1 1280 470 418
6721 5201 52375812 1 1300 480 423
6656 5298 52375822 1 1310 470 422
6677 5271 52375832 1 1330 470 414
6710 5239 52375842 1 1340 480 415
6751 5188 52375852 1 1350 470 414
6787 5127 52375862 1 1350 470 399
6819 5039 52375872 1 1370 470 132
6594 4112 52375952 0 1370 480 526
6553 3909 52375962 1 1370 480 548
6474 3903 52375972 1 1370 480 551
6468 3903 52375982 1 1370 480 556
6492 3908 52375992 1 1360 490 562
6537 3933 52376002 1 1360 490 567
6633 4040 52376012 1 1360 490 522
6772 4201 52376022 1 1350 500 428
6939 4385 52376032 1 1360 500 137
7261 5225 52376102 0 1370 510 302
7228 5064 52376112 1 1400 510 310
7221 4996 52376122 1 1400 510 324
7197 4949 52376132 1 1400 510 332
7189 4787 52376142 1 1400 510 329
7189 4622 52376152 1 1410 510 244
7304 4782 52376252 0 1420 500 315
7370 4979 52376262 1 1420 500 369
7375 5043 52376272 1 1420 500 389
7439 5097 52376282 1 1420 500 450
7541 5161 52376292 1 1420 500 515
7695 5233 52376302 1 1430 510 570
7870 5301 52376312 1 1430 510 592
8058 5339 52376322 1 1430 510 613
8216 5358 52376332 1 1440 510 620
8353 5347 52376342 1 1450 510 627
8475 5304 52376352 1 1470 510 634
8554 5239 52376362 1 1470 510 641
8579 5148 52376372 1 1480 510 638
8569 5030 52376382 1 1490 520 625
8511 4893 52376392 1 1490 520 569
8417 4730 52376402 1 1490 530 456
8299 4586 52376412 1 1490 530 190
7461 4079 52376483 0 1490 550 393
7219 4015 52376493 1 1490 550 443
7148 4044 52376503 1 1490 550 490
7128 4111 52376513 1 1470 550 505
7230 4147 52376523 1 1470 550 568
7413 4205 52376533 1 1460 550 600
7649 4278 52376543 1 1450 550 617
7896 4348 52376553 1 1450 550 611
8149 4397 52376563 1 1450 550 448
7911 5857 52376693 0 1500 510 488
8011 5781 52376703 1 1490 510 489
8017 5735 52376713 1 1490 510 517
7982 5701 52376723 1 1500 500 578
8027 5503 52376733 1 1500 500 659
8051 5151 52376743 1 1500 500 682
8061 4697 52376753 1 1510 490 690
8012 4194 52376763 1 1480 500 672
7960 3689 52376773 1 1480 500 589
7907 3300 52376783 1 1480 500 240
