349
3604 6979 8242041 0 1630 400 394
3696 7042 8242051 1 1630 410 465
3680 7063 8242061 1 1630 410 488
3664 7138 8242071 1 1620 420 491
3649 7161 8242081 1 1620 430 512
3633 7149 8242091 1 1620 430 554
3604 7149 8242101 1 1610 430 586
3566 7149 8242111 1 1600 440 624
3515 7125 8242121 1 1600 440 665
3467 7089 8242131 1 1600 450 687
3382 7032 8242141 1 1600 450 697
3271 6928 8242151 1 1580 460 705
3132 6793 8242161 1 1570 470 707
2977 6635 8242171 1 1570 480 694
2811 6411 8242181 1 1560 480 664
2653 6144 8242191 1 1550 490 642
2500 5856 8242201 1 1530 500 591
2395 5596 8242211 1 1520 510 546
2320 5355 8242221 1 1510 500 512
2279 5145 8242231 1 1500 510 494
2261 5001 8242241 1 1490 520 492
2261 4900 8242251 1 1480 510 501
2261 4826 8242261 1 1470 520 520
2261 4781 8242271 1 1460 530 535
2269 4756 8242281 1 1430 530 556
2278 4750 8242291 1 1420 540 602
2293 4759 8242301 1 1400 540 647
2352 4778 8242311 1 1400 540 664
2439 4873 8242321 1 1390 550 697
2576 5018 8242331 1 1360 550 711
2740 5196 8242341 1 1360 550 736
2921 5380 8242351 1 1350 550 756
3102 5559 8242361 1 1350 550 790
3270 5704 8242371 1 1340 550 796
3428 5827 8242381 1 1350 550 809
3558 5934 8242391 1 1350 550 821
3664 6003 8242401 1 1350 550 815
3755 6047 8242411 1 1350 550 806
3801 6053 8242421 1 1350 550 787
3823 6032 8242431 1 1360 550 742
3829 5993 8242441 1 1360 550 679
3780 5844 8242451 1 1390 550 588
3665 5621 8242461 1 1390 550 541
3507 5350 8242471 1 1400 540 530
3346 5042 8242481 1 1400 540 540
3178 4741 8242491 1 1400 540 568
3004 4444 8242501 1 1400 540 591
2864 4161 8242511 1 1400 540 616
2774 3956 8242521 1 1410 550 627
2718 3803 8242531 1 1400 550 627
2718 3735 8242541 1 1400 550 638
2748 3723 8242551 1 1400 550 643
2807 3749 8242561 1 1390 560 649
2911 3868 8242571 1 1390 560 659
3055 4086 8242581 1 1360 560 667
3226 4370 8242591 1 1350 570 665
3403 4707 8242601 1 1350 570 667
3568 5086 8242611 1 1340 570 668
3725 5493 8242621 1 1340 570 670
3827 5861 8242631 1 1340 570 669
3893 6182 8242641 1 1320 570 713
3935 6473 8242651 1 1320 570 748
3950 6658 8242661 1 1340 560 753
3944 6763 8242671 1 1340 560 768
3924 6815 8242681 1 1350 550 771
3889 6834 8242691 1 1350 550 767
3836 6824 8242701 1 1360 550 762
3770 6794 8242711 1 1370 540 757
3680 6719 8242721 1 1370 540 757
3583 6594 8242731 1 1390 540 759
3482 6435 8242741 1 1400 530 760
3384 6213 8242751 1 1410 530 765
3288 5946 8242761 1 1420 530 776
3196 5649 8242771 1 1430 520 794
3131 5331 8242781 1 1430 520 821
3082 4953 8242791 1 1440 510 851
3055 4535 8242801 1 1440 510 863
3046 4096 8242811 1 1430 520 867
3046 3668 8242821 1 1430 520 902
3046 3338 8242831 1 1420 530 932
3046 3069 8242841 1 1420 530 941
3046 2847 8242851 1 1410 530 958
3074 2697 8242861 1 1400 540 965
3128 2595 8242871 1 1390 550 982
3201 2552 8242881 1 1380 550 977
3305 2552 8242891 1 1360 560 979
3425 2586 8242901 1 1360 560 987
3555 2682 8242911 1 1350 570 987
3728 2868 8242921 1 1320 570 999
3902 3114 8242931 1 1310 570 996
4114 3403 8242941 1 1300 580 987
4350 3743 8242951 1 1300 580 977
4605 4116 8242961 1 1280 580 949
4864 4540 8242971 1 1270 570 926
5086 4986 8242981 1 1270 590 892
5280 5448 8242991 1 1270 590 893
5458 5903 8243001 1 1270 590 906
5603 6250 8243011 1 1280 580 908
5726 6526 8243021 1 1290 590 903
5818 6710 8243031 1 1290 590 903
5882 6846 8243041 1 1320 590 905
5928 6950 8243051 1 1340 580 909
5942 6995 8243061 1 1360 580 894
5937 7011 8243071 1 1380 580 908
5920 7011 8243081 1 1390 570 899
5889 6995 8243091 1 1420 570 893
5821 6897 8243101 1 1430 560 894
5727 6742 8243111 1 1450 560 892
5633 6509 8243121 1 1460 550 923
5546 6150 8243131 1 1470 550 950
5471 5706 8243141 1 1470 550 964
5419 5221 8243151 1 1470 550 955
5381 4719 8243161 1 1470 550 982
5388 4206 8243171 1 1460 550 986
5399 3877 8243181 1 1460 550 1018
5413 3691 8243191 1 1450 560 1023
5427 3600 8243201 1 1440 570 1023
5455 3546 8243211 1 1430 570 1023
5480 3521 8243221 1 1400 580 1023
5504 3516 8243231 1 1380 590 1023
5534 3542 8243241 1 1360 600 1023
5563 3673 8243251 1 1340 600 1015
5593 3874 8243261 1 1320 600 992
5625 4187 8243271 1 1320 600 949
5662 4560 8243281 1 1280 610 934
5737 4972 8243291 1 1280 610 951
5836 5343 8243301 1 1260 610 930
5940 5708 8243311 1 1260 610 920
6089 6076 8243321 1 1260 610 914
6267 6447 8243331 1 1260 610 914
6468 6769 8243341 1 1280 610 920
6665 7034 8243351 1 1290 610 923
6858 7260 8243361 1 1310 610 930
7004 7426 8243363 1 1340 610 935
7125 7541 8243373 1 1350 600 941
7229 7623 8243383 1 1380 600 934
7320 7632 8243393 1 1390 600 961
7392 7569 8243403 1 1430 590 997
7452 7459 8243413 1 1440 580 1003
7480 7272 8243423 1 1460 580 1011
7459 7022 8243433 1 1470 580 1011
7406 6731 8243443 1 1500 570 1020
7311 6505 8243453 1 1500 570 1023
7191 6322 8243463 1 1520 570 1023
7054 6169 8243473 1 1520 570 1023
6893 6037 8243483 1 1530 560 1012
6740 5972 8243493 1 1530 560 1005
6593 5953 8243503 1 1530 560 987
6474 5994 8243513 1 1530 560 971
6373 6084 8243523 1 1530 560 953
6285 6206 8243533 1 1530 560 956
6253 6344 8243543 1 1530 560 956
6272 6459 8243553 1 1520 560 965
6325 6560 8243563 1 1520 560 976
6410 6622 8243573 1 1520 560 979
6528 6657 8243583 1 1510 560 1020
6669 6673 8243593 1 1490 560 1023
6847 6663 8243603 1 1490 560 1023
7022 6640 8243613 1 1490 560 1023
7196 6609 8243623 1 1480 560 1023
7382 6593 8243633 1 1480 560 1023
7532 6584 8243643 1 1480 560 1023
7658 6579 8243653 1 1490 560 1023
7752 6560 8243663 1 1480 570 1023
7804 6540 8243673 1 1480 570 1023
7829 6496 8243683 1 1480 570 982
7802 6437 8243693 1 1500 570 900
7699 6317 8243703 1 1500 570 785
7546 6165 8243713 1 1500 570 681
7355 5991 8243723 1 1490 580 614
7154 5794 8243733 1 1490 580 605
6947 5616 8243743 1 1500 580 605
6755 5451 8243753 1 1490 590 642
6614 5291 8243763 1 1490 590 699
6507 5206 8243773 1 1480 600 736
6463 5170 8243783 1 1460 600 768
6452 5164 8243793 1 1460 600 809
6464 5176 8243803 1 1450 590 837
6495 5201 8243813 1 1440 600 876
6573 5289 8243823 1 1440 600 908
6682 5408 8243833 1 1420 590 945
6824 5549 8243843 1 1410 600 958
6955 5669 8243853 1 1410 600 994
7079 5761 8243863 1 1410 600 977
7176 5835 8243873 1 1390 600 997
7240 5849 8243883 1 1380 600 988
7282 5815 8243893 1 1380 600 979
7295 5750 8243903 1 1360 610 980
7256 5598 8243913 1 1360 610 979
7183 5352 8243923 1 1380 610 977
7075 5043 8243933 1 1370 620 955
6951 4678 8243943 1 1370 620 976
6815 4384 8243953 1 1370 620 978
6704 4137 8243963 1 1350 630 993
6641 3961 8243973 1 1350 630 996
6610 3849 8243983 1 1350 630 990
6616 3780 8243993 1 1350 630 990
6640 3775 8244003 1 1350 630 994
6677 3833 8244013 1 1350 630 990
6754 3934 8244023 1 1330 630 979
6841 4160 8244033 1 1330 630 982
6934 4460 8244043 1 1330 630 955
7008 4810 8244053 1 1320 630 935
7066 5187 8244063 1 1320 630 945
7114 5558 8244073 1 1330 620 941
7160 5843 8244083 1 1330 620 942
7199 6072 8244093 1 1330 620 942
7234 6207 8244103 1 1330 620 941
7253 6329 8244113 1 1330 620 944
7253 6443 8244123 1 1350 620 945
7237 6487 8244133 1 1350 620 948
7211 6507 8244143 1 1380 610 947
7190 6507 8244153 1 1390 610 939
7176 6507 8244163 1 1390 610 933
7165 6459 8244173 1 1410 600 935
7143 6380 8244183 1 1420 610 933
7113 6178 8244193 1 1440 600 944
7077 5848 8244203 1 1440 600 961
7041 5434 8244213 1 1440 600 985
7005 4924 8244223 1 1450 590 1002
6974 4342 8244233 1 1440 600 981
6945 3711 8244243 1 1440 600 1023
7013 3093 8244253 1 1420 610 1023
7044 2674 8244263 1 1410 610 1023
7049 2388 8244273 1 1400 620 1023
7068 2200 8244283 1 1380 630 1023
7090 2057 8244293 1 1380 640 1023
7116 1943 8244303 1 1350 650 1023
7139 1927 8244313 1 1330 660 1023
7160 1946 8244323 1 1310 670 1023
7180 1988 8244333 1 1280 680 1023
7224 2118 8244343 1 1250 680 1023
7283 2296 8244353 1 1230 690 1023
7374 2507 8244363 1 1170 690 1023
7498 2794 8244373 1 1150 690 1023
7644 3157 8244383 1 1150 690 1023
7838 3572 8244393 1 1120 700 997
8067 4088 8244403 1 1100 700 997
8320 4697 8244413 1 1100 700 983
8637 5367 8244423 1 1100 700 971
8974 6027 8244433 1 1100 700 989
9324 6589 8244443 1 1100 700 991
9664 7085 8244453 1 1120 700 997
9947 7458 8244463 1 1160 700 1011
10192 7748 8244473 1 1210 690 1014
10366 7984 8244483 1 1230 690 1023
10501 8130 8244493 1 1290 680 1023
10609 8236 8244503 1 1310 680 1023
10669 8316 8244513 1 1370 670 1023
10697 8354 8244523 1 1390 670 1023
10703 8366 8244533 1 1440 660 1023
10697 8361 8244543 1 1450 650 1023
10697 8361 8244553 1 1480 650 1023
10657 8307 8244563 1 1510 630 1023
10596 8217 8244573 1 1540 630 1023
10488 8009 8244583 1 1550 620 1023
10350 7705 8244593 1 1560 620 1023
10191 7337 8244603 1 1570 610 1023
9999 6854 8244613 1 1570 610 1023
9795 6368 8244623 1 1570 610 1023
9583 5880 8244633 1 1570 610 1023
9418 5393 8244643 1 1570 610 1023
9289 5032 8244653 1 1550 620 1023
9183 4772 8244663 1 1540 630 1023
9105 4580 8244673 1 1540 630 1023
9052 4442 8244683 1 1530 630 1023
9016 4357 8244693 1 1510 640 1023
9005 4307 8244703 1 1500 650 1023
9011 4307 8244713 1 1470 650 1023
9029 4330 8244723 1 1460 660 1023
9091 4379 8244733 1 1440 670 1023
9205 4542 8244743 1 1420 680 1023
9353 4786 8244753 1 1390 680 1023
9535 5084 8244763 1 1370 690 1023
9719 5448 8244773 1 1350 690 1023
9876 5768 8244783 1 1330 690 1023
10013 6058 8244793 1 1330 690 1023
10094 6288 8244803 1 1330 690 1023
10138 6464 8244813 1 1350 690 1023
10157 6605 8244823 1 1350 690 1023
10152 6699 8244833 1 1370 690 1023
10129 6772 8244843 1 1370 690 1023
10093 6830 8244853 1 1390 680 1023
10050 6886 8244863 1 1410 680 1023
10008 6942 8244873 1 1420 680 1023
9970 6995 8244883 1 1440 670 1023
9937 7046 8244893 1 1460 660 1023
9907 7089 8244903 1 1470 650 1023
9892 7120 8244913 1 1500 650 1023
9886 7131 8244923 1 1510 640 1023
9881 7131 8244933 1 1530 630 1023
9881 7131 8244943 1 1530 630 1023
9881 7125 8244953 1 1540 630 1023
9875 7113 8244963 1 1540 630 1023
9861 7025 8244973 1 1540 630 1023
9835 6891 8244983 1 1550 620 1023
9800 6637 8244993 1 1550 620 1023
9758 6253 8245003 1 1550 620 1023
9696 5783 8245013 1 1550 620 1023
9632 5276 8245023 1 1520 620 1023
9567 4746 8245033 1 1510 630 1023
9562 4201 8245043 1 1510 630 1023
9536 3859 8245053 1 1480 650 1023
9496 3609 8245063 1 1470 650 1023
9482 3420 8245073 1 1460 660 1023
9460 3308 8245083 1 1420 680 1023
9432 3243 8245093 1 1390 680 1023
9393 3209 8245103 1 1350 690 1023
9332 3222 8245113 1 1330 700 1023
9257 3291 8245123 1 1310 710 1023
9152 3397 8245133 1 1280 710 1023
9041 3570 8245143 1 1230 720 1023
8926 3785 8245153 1 1210 730 1023
8823 4029 8245163 1 1180 730 1023
8758 4147 8245173 1 1150 740 1023
8717 4204 8245183 1 1130 730 1023
8707 4220 8245193 1 1130 730 1023
8707 4209 8245203 1 1130 730 1023
8707 4194 8245213 1 1120 720 1023
8746 4116 8245223 1 1120 720 1023
8801 3997 8245233 1 1150 710 1023
8857 3905 8245243 1 1130 710 1023
8911 3832 8245253 1 1130 710 1023
8963 3771 8245263 1 1160 700 1023
9005 3737 8245273 1 1160 700 1023
9040 3722 8245283 1 1150 690 1023
9076 3722 8245293 1 1170 690 1023
9114 3753 8245303 1 1170 690 1023
9175 3841 8245313 1 1170 690 1023
9251 3965 8245323 1 1170 690 1023
9344 4125 8245333 1 1170 690 1015
9464 4324 8245343 1 1180 700 978
9603 4549 8245353 1 1180 700 989
9755 4719 8245363 1 1180 700 989
9920 4883 8245373 1 1180 700 997
10093 4995 8245383 1 1200 710 1023
10236 5074 8245393 1 1200 710 1023
10379 5104 8245403 1 1200 710 1023
10494 5104 8245413 1 1200 710 1023
10590 5090 8245423 1 1220 710 1023
10643 5055 8245433 1 1220 710 1023
10674 5025 8245443 1 1220 710 1023
10689 4998 8245453 1 1240 710 1023
10689 4986 8245463 1 1240 710 1023
10689 4986 8245473 1 1240 710 1023
10679 4986 8245483 1 1240 710 1023
10648 4986 8245493 1 1280 710 1023
10587 4996 8245503 1 1280 710 1023
10506 5018 8245513 1 1280 710 388
