168
1636 6794 75776290 0 1270 740 191
1588 7090 75776300 1 1280 720 206
1582 7235 75776310 1 1280 710 250
1589 7293 75776320 1 1290 680 257
1589 7293 75776330 1 1310 670 287
1589 7242 75776340 1 1320 640 314
1599 7092 75776350 1 1300 620 356
1609 6877 75776360 1 1320 600 392
1616 6567 75776370 1 1340 600 448
1621 6153 75776380 1 1320 580 488
1621 5669 75776390 1 1320 550 513
1615 5176 75776400 1 1310 550 546
1615 4700 75776410 1 1290 530 561
1624 4236 75776420 1 1280 540 595
1646 3873 75776430 1 1260 540 592
1677 3636 75776440 1 1250 550 602
1706 3482 75776450 1 1240 550 609
1722 3402 75776460 1 1220 570 611
1730 3379 75776470 1 1190 580 609
1730 3394 75776480 1 1170 580 602
1719 3462 75776490 1 1150 600 591
1696 3669 75776500 1 1120 600 569
1672 3969 75776510 1 1100 600 562
1649 4365 75776520 1 1070 620 551
1633 4796 75776530 1 1040 620 550
1651 5250 75776540 1 1040 630 548
1689 5710 75776550 1 1020 630 546
1754 6090 75776560 1 1020 630 546
1845 6416 75776570 1 1040 630 546
1952 6654 75776580 1 1060 630 545
2073 6802 75776590 1 1080 630 540
2197 6891 75776600 1 1120 620 540
2329 6933 75776610 1 1140 620 535
2463 6901 75776620 1 1170 610 535
2597 6821 75776630 1 1200 600 536
2714 6677 75776640 1 1220 600 559
2819 6477 75776650 1 1250 590 586
2890 6239 75776660 1 1270 570 611
2921 6019 75776670 1 1280 570 637
2921 5794 75776680 1 1300 560 676
2889 5566 75776690 1 1300 560 690
2816 5336 75776700 1 1310 560 693
2719 5104 75776710 1 1310 560 690
2584 4917 75776720 1 1300 550 694
2452 4762 75776730 1 1290 560 691
2326 4706 75776740 1 1290 560 699
2208 4721 75776750 1 1270 560 685
2095 4784 75776760 1 1270 560 682
1984 4907 75776770 1 1260 570 685
1906 5030 75776780 1 1240 570 690
1866 5112 75776790 1 1230 580 687
1851 5167 75776800 1 1230 580 687
1860 5185 75776810 1 1210 580 688
1911 5198 75776820 1 1200 570 691
1991 5155 75776830 1 1200 570 699
2136 5075 75776840 1 1200 570 694
2304 4937 75776850 1 1200 570 719
2486 4761 75776860 1 1200 570 730
2716 4561 75776870 1 1200 570 727
2949 4361 75776880 1 1200 570 730
3185 4186 75776890 1 1200 570 733
3426 4027 75776900 1 1200 570 725
3668 3952 75776910 1 1220 570 730
3908 3952 75776920 1 1200 570 724
4131 4014 75776930 1 1200 570 713
4343 4147 75776940 1 1190 560 705
4533 4305 75776950 1 1190 560 696
4689 4480 75776960 1 1180 570 693
4821 4619 75776970 1 1180 570 691
4891 4717 75776980 1 1180 570 697
4927 4787 75776990 1 1170 560 690
4939 4801 75777000 1 1160 560 687
4927 4780 75777010 1 1160 560 687
4894 4737 75777020 1 1160 560 687
4846 4626 75777030 1 1160 560 693
4806 4480 75777040 1 1160 560 717
4795 4311 75777050 1 1160 560 724
4803 4144 75777060 1 1160 560 728
4854 4022 75777070 1 1170 560 728
4941 3931 75777080 1 1170 560 731
5052 3894 75777090 1 1170 560 731
5187 3911 75777100 1 1180 570 720
5316 3965 75777110 1 1180 570 733
5440 4064 75777120 1 1190 560 720
5533 4197 75777130 1 1190 560 733
5589 4353 75777140 1 1190 560 728
5619 4514 75777150 1 1180 560 721
5603 4668 75777160 1 1180 560 710
5554 4811 75777170 1 1180 560 705
5482 4905 75777180 1 1180 560 707
5392 4968 75777190 1 1180 560 708
5298 4988 75777200 1 1200 550 724
5202 4988 75777210 1 1200 550 730
5142 4967 75777220 1 1200 550 724
5134 4951 75777230 1 1200 540 739
5161 4922 75777240 1 1200 540 745
5272 4874 75777250 1 1200 540 740
5439 4818 75777260 1 1220 540 745
5642 4795 75777270 1 1220 540 737
5887 4795 75777280 1 1230 550 740
6129 4808 75777290 1 1230 550 736
6370 4882 75777300 1 1230 550 731
6618 4999 75777310 1 1250 550 684
6868 5145 75777320 1 1250 550 625
7061 5326 75777330 1 1250 550 568
7215 5514 75777340 1 1260 560 498
7343 5708 75777350 1 1260 560 420
7411 5917 75777360 1 1270 560 398
7440 6071 75777370 1 1270 560 391
7423 6188 75777380 1 1270 560 428
7370 6261 75777390 1 1270 560 485
7292 6246 75777400 1 1280 570 548
7204 6172 75777410 1 1280 570 616
7121 6030 75777420 1 1300 560 664
7061 5822 75777430 1 1300 560 719
7016 5570 75777432 1 1310 570 770
6986 5269 75777442 1 1310 570 817
6968 4952 75777452 1 1310 570 828
6959 4625 75777462 1 1300 580 851
6959 4332 75777472 1 1300 580 855
6987 4084 75777482 1 1300 580 849
7027 3865 75777492 1 1280 580 846
7095 3768 75777502 1 1280 580 834
7169 3779 75777512 1 1280 580 833
7265 3861 75777522 1 1270 590 828
7374 4028 75777532 1 1250 590 827
7491 4244 75777542 1 1240 600 825
7612 4492 75777552 1 1220 600 822
7754 4646 75777562 1 1200 600 818
7909 4728 75777572 1 1200 600 821
8028 4762 75777582 1 1190 610 822
8135 4727 75777592 1 1190 610 824
8233 4647 75777602 1 1170 610 827
8304 4536 75777612 1 1170 610 831
8355 4417 75777622 1 1170 610 834
8393 4298 75777632 1 1170 610 843
8411 4181 75777642 1 1170 610 846
8430 4096 75777652 1 1170 610 846
8454 4031 75777662 1 1170 610 846
8486 3996 75777672 1 1190 610 845
8545 3996 75777682 1 1190 610 836
8621 4014 75777692 1 1190 610 817
8740 4095 75777702 1 1190 610 773
8914 4224 75777712 1 1190 610 768
9124 4386 75777722 1 1190 610 770
9347 4502 75777732 1 1190 610 773
9575 4559 75777742 1 1190 610 783
9786 4577 75777752 1 1220 610 808
9985 4549 75777762 1 1220 610 824
10151 4497 75777772 1 1220 610 824
10316 4430 75777782 1 1220 610 821
10479 4377 75777792 1 1220 610 797
10632 4356 75777802 1 1220 610 777
10771 4356 75777812 1 1230 620 767
10900 4388 75777822 1 1230 620 768
11007 4425 75777832 1 1230 620 760
11072 4467 75777842 1 1240 620 731
11109 4500 75777852 1 1260 620 489
10019 5126 75777942 0 1260 610 788
9735 5023 75777952 1 1260 610 812
9608 5000 75777962 1 1250 600 761
9525 4994 75777972 1 1250 590 727
9471 4965 75777982 1 1240 580 470
8013 5096 75778093 0 1240 570 817
7773 4918 75778103 1 1240 570 830
7652 4918 75778113 1 1240 570 760
7652 4987 75778123 1 1240 570 667
7668 4970 75778133 1 1240 570 141
