160
1011 6663 75785694 0 1300 480 478
904 6813 75785704 1 1280 480 469
871 6826 75785714 1 1270 490 453
871 6821 75785724 1 1250 500 471
884 6777 75785734 1 1240 500 502
899 6631 75785744 1 1220 500 546
918 6418 75785754 1 1210 510 595
952 6150 75785764 1 1210 510 620
995 5769 75785774 1 1200 510 630
1040 5314 75785784 1 1190 500 645
1088 4792 75785794 1 1180 510 661
1137 4387 75785804 1 1170 510 696
1166 4060 75785814 1 1170 510 713
1188 3767 75785824 1 1140 510 721
1205 3584 75785834 1 1140 530 730
1205 3474 75785844 1 1110 530 737
1205 3437 75785854 1 1080 540 730
1199 3459 75785864 1 1070 540 722
1165 3521 75785874 1 1060 540 711
1119 3702 75785884 1 1030 540 702
1066 4003 75785894 1 1030 540 684
1027 4384 75785904 1 1010 540 669
1018 4809 75785914 1 1000 550 647
1030 5265 75785924 1 990 550 619
1075 5742 75785934 1 990 550 616
1159 6104 75785944 1 1000 550 608
1270 6392 75785954 1 1010 540 605
1404 6630 75785964 1 1030 540 605
1521 6730 75785974 1 1040 540 605
1626 6763 75785984 1 1070 550 619
1727 6751 75785994 1 1090 550 634
1825 6666 75786004 1 1120 540 662
1920 6503 75786014 1 1140 550 682
2019 6288 75786024 1 1150 540 697
2094 6042 75786034 1 1170 550 727
2153 5795 75786044 1 1190 540 761
2161 5583 75786054 1 1210 550 788
2127 5396 75786064 1 1230 550 787
2066 5191 75786074 1 1240 550 794
1963 4999 75786084 1 1240 550 797
1848 4853 75786094 1 1230 560 799
1725 4734 75786104 1 1230 560 797
1596 4694 75786114 1 1220 570 800
1469 4717 75786124 1 1220 570 800
1372 4782 75786134 1 1200 570 797
1293 4878 75786144 1 1200 570 802
1251 4928 75786154 1 1180 570 799
1256 4947 75786164 1 1160 560 794
1292 4947 75786174 1 1160 560 794
1372 4895 75786184 1 1150 550 797
1510 4798 75786194 1 1130 560 800
1686 4654 75786204 1 1130 560 821
1870 4473 75786214 1 1120 550 832
2087 4267 75786224 1 1120 550 817
2327 4042 75786234 1 1120 550 830
2567 3885 75786244 1 1120 550 823
2812 3773 75786254 1 1120 550 824
3038 3763 75786264 1 1120 550 818
3249 3841 75786274 1 1120 550 814
3438 3979 75786284 1 1120 550 799
3603 4142 75786294 1 1130 560 768
3751 4324 75786304 1 1130 560 737
3837 4520 75786314 1 1130 560 722
3902 4679 75786324 1 1130 560 710
3954 4766 75786334 1 1130 560 713
3965 4804 75786344 1 1130 560 717
3945 4804 75786354 1 1130 560 721
3905 4754 75786364 1 1130 560 720
3857 4672 75786374 1 1130 560 742
3813 4541 75786384 1 1130 560 759
3778 4366 75786394 1 1140 550 784
3778 4163 75786404 1 1140 550 790
3788 3982 75786414 1 1140 550 790
3839 3831 75786424 1 1140 550 796
3933 3701 75786434 1 1140 550 783
4056 3653 75786444 1 1140 550 788
4225 3666 75786454 1 1140 550 785
4389 3721 75786464 1 1130 540 796
4550 3845 75786474 1 1130 540 796
4705 3997 75786484 1 1140 550 797
4820 4167 75786494 1 1140 550 793
4909 4372 75786504 1 1120 550 774
4958 4558 75786514 1 1120 550 761
4970 4731 75786524 1 1130 560 752
4958 4858 75786534 1 1130 560 758
4916 4927 75786535 1 1130 560 755
4859 4958 75786545 1 1150 550 753
4793 4958 75786555 1 1150 550 760
4750 4952 75786565 1 1150 550 759
4750 4934 75786575 1 1160 550 774
4785 4879 75786585 1 1160 550 785
4878 4806 75786595 1 1170 550 796
5024 4721 75786605 1 1170 550 788
5205 4679 75786615 1 1170 550 788
5430 4672 75786625 1 1190 540 797
5677 4688 75786635 1 1200 550 784
5939 4768 75786645 1 1200 550 763
6156 4905 75786655 1 1200 550 737
6377 5079 75786665 1 1200 550 702
6555 5261 75786675 1 1200 550 639
6702 5459 75786685 1 1200 550 568
6802 5667 75786695 1 1200 550 505
6851 5853 75786705 1 1210 560 480
6867 5984 75786715 1 1210 560 473
6831 6078 75786725 1 1220 560 478
6767 6084 75786735 1 1230 560 494
6683 6018 75786745 1 1230 560 542
6601 5905 75786755 1 1250 560 613
6524 5715 75786765 1 1250 560 659
6466 5472 75786775 1 1250 560 724
6419 5195 75786785 1 1250 560 770
6392 4955 75786795 1 1250 560 785
6371 4675 75786805 1 1260 560 812
6360 4369 75786815 1 1260 560 812
6353 4087 75786825 1 1260 560 814
6369 3890 75786835 1 1260 560 818
6399 3749 75786845 1 1250 560 808
6440 3695 75786855 1 1250 560 803
6487 3705 75786865 1 1230 560 796
6544 3758 75786875 1 1230 560 785
6627 3886 75786885 1 1210 560 793
6726 4025 75786895 1 1190 560 794
6865 4172 75786905 1 1190 560 787
6997 4243 75786915 1 1190 580 790
7125 4255 75786925 1 1190 580 791
7261 4229 75786935 1 1190 580 790
7373 4161 75786945 1 1170 580 796
7469 4076 75786955 1 1170 580 796
7539 3980 75786965 1 1170 580 797
7593 3886 75786975 1 1170 580 791
7637 3813 75786985 1 1190 580 790
7693 3754 75786995 1 1190 580 788
7770 3739 75787005 1 1200 580 796
7862 3762 75787015 1 1200 580 779
7978 3810 75787025 1 1210 580 755
8127 3902 75787035 1 1210 580 748
8297 3989 75787045 1 1230 590 748
8502 4035 75787055 1 1240 580 749
8709 4057 75787065 1 1240 580 749
8924 4107 75787075 1 1240 580 754
9142 4129 75787085 1 1240 580 755
9357 4129 75787095 1 1240 580 752
9573 4156 75787105 1 1260 580 749
9791 4190 75787115 1 1270 590 734
10010 4232 75787125 1 1270 590 733
10191 4277 75787135 1 1270 590 722
10345 4319 75787145 1 1280 590 716
10467 4333 75787155 1 1280 590 707
10533 4333 75787165 1 1290 590 647
10561 4309 75787175 1 1290 590 226
9463 4498 75787266 0 1300 560 681
9322 4450 75787276 1 1300 560 614
9242 4458 75787286 1 1310 560 594
9236 4439 75787296 1 1310 560 339
8422 4526 75787386 0 1320 570 535
8098 4484 75787396 1 1320 570 585
7952 4526 75787406 1 1320 570 616
7888 4531 75787416 1 1320 570 619
7866 4511 75787426 1 1320 570 574
7873 4481 75787436 1 1320 570 276
