221
3150 5976 170885 0 1460 520 8
3150 5976 170895 1 1470 520 85
3246 6015 170905 1 1470 520 180
3283 6039 170915 1 1470 520 235
3319 6071 170925 1 1470 520 279
3355 6104 170935 1 1470 520 314
3386 6137 170945 1 1470 520 339
3415 6169 170955 1 1470 520 366
3441 6210 170965 1 1470 520 384
3466 6258 170975 1 1480 530 384
3491 6318 170985 1 1480 530 394
3511 6381 170995 1 1480 530 393
3511 6447 171005 1 1490 520 388
3511 6505 171015 1 1490 520 404
3485 6548 171025 1 1490 520 417
3442 6581 171035 1 1490 520 431
3385 6599 171045 1 1490 520 444
3325 6593 171055 1 1490 520 450
3256 6570 171065 1 1490 520 465
3180 6512 171075 1 1490 520 475
3101 6427 171085 1 1490 520 489
3025 6325 171095 1 1490 520 512
2956 6208 171105 1 1490 520 524
2904 6087 171115 1 1490 520 536
2863 5968 171125 1 1490 520 548
2834 5852 171135 1 1490 520 556
2828 5764 171145 1 1480 530 559
2836 5708 171155 1 1470 520 567
2870 5673 171165 1 1470 520 568
2933 5653 171175 1 1460 530 570
3015 5666 171185 1 1460 530 561
3125 5701 171195 1 1450 540 568
3252 5781 171205 1 1450 540 562
3390 5893 171215 1 1440 540 550
3521 6026 171225 1 1440 540 541
3631 6135 171235 1 1440 540 538
3727 6239 171245 1 1440 540 544
3776 6318 171255 1 1450 540 551
3790 6381 171265 1 1450 540 572
3780 6399 171275 1 1450 540 592
3764 6399 171285 1 1450 540 586
3735 6386 171295 1 1450 540 603
3697 6333 171305 1 1450 540 620
3637 6242 171315 1 1450 540 633
3570 6127 171325 1 1450 540 658
3497 5989 171335 1 1460 530 679
3434 5827 171345 1 1460 530 702
3373 5649 171355 1 1460 530 710
3317 5470 171365 1 1460 530 728
3262 5285 171375 1 1460 530 725
3205 5096 171385 1 1460 530 740
3129 4910 171395 1 1450 540 754
3042 4725 171405 1 1450 540 757
2943 4542 171415 1 1440 540 780
2828 4363 171425 1 1440 540 791
2703 4181 171435 1 1430 550 809
2546 4013 171445 1 1430 550 830
2383 3856 171455 1 1410 560 830
2217 3704 171465 1 1400 560 836
2032 3594 171475 1 1400 560 840
1852 3513 171485 1 1390 570 840
1682 3446 171495 1 1360 570 840
1519 3424 171505 1 1350 580 845
1360 3432 171515 1 1340 570 846
1225 3483 171525 1 1320 580 842
1113 3559 171535 1 1310 570 834
1017 3651 171545 1 1310 570 820
961 3743 171555 1 1300 560 757
934 3834 171565 1 1290 560 605
925 3909 171575 1 1290 560 281
4680 6016 171927 0 1450 510 382
4763 6032 171937 1 1470 510 386
4768 6112 171947 1 1480 510 382
4786 6162 171957 1 1480 530 381
4801 6192 171967 1 1480 530 394
4813 6265 171977 1 1480 540 409
4801 6335 171987 1 1480 540 431
4761 6398 171997 1 1480 540 450
4703 6455 172007 1 1480 540 464
4621 6479 172017 1 1480 540 477
4539 6479 172027 1 1480 540 493
4427 6444 172037 1 1480 540 517
4294 6379 172047 1 1490 530 548
4191 6296 172057 1 1490 530 584
4112 6196 172067 1 1490 530 606
4048 6082 172077 1 1490 530 620
4008 5958 172087 1 1490 530 614
3999 5850 172097 1 1470 530 616
4010 5777 172107 1 1470 530 624
4036 5727 172117 1 1470 530 622
4082 5691 172127 1 1460 540 611
4141 5681 172137 1 1450 540 588
4227 5689 172147 1 1450 540 569
4316 5727 172157 1 1440 540 539
4414 5794 172167 1 1440 540 527
4511 5881 172177 1 1410 550 519
4606 5976 172187 1 1410 550 515
4695 6071 172197 1 1410 550 521
4756 6167 172207 1 1430 550 529
4797 6227 172217 1 1430 550 550
4803 6253 172227 1 1430 550 560
4803 6253 172237 1 1430 550 568
4803 6253 172247 1 1430 550 560
4789 6208 172257 1 1440 540 566
4761 6135 172267 1 1450 550 569
4723 6013 172277 1 1450 550 583
4699 5889 172287 1 1460 540 589
4694 5763 172297 1 1460 540 603
4701 5667 172307 1 1460 540 605
4730 5589 172317 1 1470 530 606
4793 5538 172327 1 1470 530 613
4878 5524 172337 1 1460 540 606
4986 5534 172347 1 1460 540 595
5128 5596 172357 1 1460 540 567
5293 5691 172367 1 1460 540 509
5476 5808 172377 1 1450 550 458
5656 5962 172387 1 1460 550 420
5834 6112 172397 1 1460 550 415
5958 6254 172407 1 1460 550 449
6045 6388 172417 1 1480 560 515
6107 6478 172427 1 1480 560 575
6135 6539 172437 1 1490 560 613
6145 6561 172447 1 1490 560 641
6145 6577 172457 1 1510 560 643
6133 6582 172467 1 1520 570 641
6123 6582 172477 1 1520 570 644
6085 6541 172487 1 1540 560 646
6028 6474 172497 1 1540 560 649
5946 6350 172507 1 1570 560 667
5861 6226 172517 1 1570 560 688
5774 6088 172527 1 1570 560 697
5706 5941 172537 1 1580 550 702
5670 5779 172547 1 1580 550 707
5654 5672 172557 1 1580 550 703
5671 5603 172567 1 1580 550 696
5714 5559 172577 1 1570 560 671
5773 5543 172587 1 1550 550 594
5865 5543 172597 1 1540 560 423
5958 5588 172607 1 1540 560 24
5662 6082 172708 0 1510 560 247
5417 6028 172718 1 1520 560 363
5298 6005 172728 1 1520 560 461
5250 6005 172738 1 1530 550 499
5250 6005 172748 1 1530 550 513
5293 6013 172758 1 1530 540 562
5386 6043 172768 1 1530 540 595
5511 6087 172778 1 1520 540 605
5675 6123 172788 1 1530 530 614
5844 6156 172798 1 1530 530 619
5983 6165 172808 1 1530 530 592
6101 6160 172818 1 1540 520 465
6201 6141 172828 1 1540 530 129
6156 6072 172938 0 1570 540 550
6193 5961 172948 1 1570 540 537
6216 5952 172958 1 1570 540 550
6225 5967 172968 1 1570 540 562
6345 5973 172978 1 1570 540 567
6471 6002 172988 1 1570 540 583
6600 6047 172998 1 1570 540 591
6716 6082 173008 1 1570 540 594
6822 6116 173018 1 1570 540 591
6922 6160 173028 1 1580 540 583
6993 6210 173038 1 1580 540 568
7032 6252 173048 1 1580 540 539
7049 6289 173058 1 1600 540 518
7028 6321 173068 1 1600 540 520
6974 6350 173078 1 1610 550 522
6899 6361 173088 1 1610 550 527
6800 6354 173098 1 1630 550 554
6701 6335 173108 1 1630 550 583
6601 6295 173118 1 1630 550 613
6538 6253 173128 1 1630 550 640
6509 6194 173138 1 1630 550 672
6502 6125 173148 1 1630 550 691
6502 6039 173158 1 1630 550 713
6548 5962 173168 1 1630 550 717
6623 5890 173178 1 1630 550 717
6726 5857 173188 1 1630 550 719
6859 5869 173198 1 1630 550 702
7013 5911 173208 1 1630 550 671
7169 5979 173218 1 1610 550 624
7324 6060 173228 1 1610 550 594
7454 6151 173238 1 1610 550 595
7569 6238 173248 1 1610 550 592
7642 6327 173258 1 1610 550 592
7688 6421 173268 1 1600 550 595
7717 6518 173278 1 1600 550 613
7717 6577 173288 1 1620 560 625
7700 6598 173298 1 1620 560 645
7675 6598 173308 1 1620 560 643
7649 6575 173318 1 1620 560 668
7620 6536 173328 1 1630 560 681
7589 6485 173338 1 1630 560 702
7564 6411 173348 1 1630 560 699
7544 6336 173358 1 1630 560 707
7535 6260 173368 1 1640 550 711
7535 6186 173378 1 1640 550 724
7562 6123 173388 1 1640 550 725
7607 6068 173398 1 1640 550 730
7685 6028 173408 1 1640 550 731
7786 5994 173418 1 1640 550 733
7903 5963 173428 1 1640 550 737
7992 5934 173438 1 1640 550 739
8065 5903 173439 1 1640 550 740
8065 5903 173449 1 1650 550 743
8161 5830 173459 1 1650 560 748
8171 5794 173469 1 1650 560 757
8164 5760 173479 1 1650 560 782
8130 5727 173489 1 1660 570 791
8071 5690 173499 1 1660 570 812
7994 5653 173509 1 1660 570 832
7876 5618 173519 1 1650 580 828
7733 5589 173529 1 1650 580 831
7574 5562 173539 1 1650 590 834
7408 5537 173549 1 1630 590 837
7257 5518 173559 1 1620 600 840
7116 5503 173569 1 1620 600 837
7028 5503 173579 1 1620 610 828
6967 5519 173589 1 1600 600 802
6924 5545 173599 1 1600 600 724
6900 5579 173609 1 1570 610 515
