222
3384 5943 212395 0 1220 650 239
3384 5943 212405 1 1250 640 245
3384 5943 212415 1 1300 630 275
3384 5943 212425 1 1320 630 314
3384 5943 212435 1 1350 620 363
3471 6037 212445 1 1380 600 384
3534 6110 212455 1 1390 600 399
3596 6189 212465 1 1430 590 396
3657 6273 212475 1 1440 580 394
3695 6361 212485 1 1460 570 394
3720 6432 212495 1 1470 560 400
3707 6498 212505 1 1480 560 415
3673 6541 212515 1 1480 560 440
3626 6571 212525 1 1480 560 480
3567 6576 212535 1 1480 560 493
3498 6548 212545 1 1480 560 514
3423 6498 212555 1 1480 560 537
3339 6407 212565 1 1490 550 560
3259 6304 212575 1 1490 550 594
3189 6193 212585 1 1490 550 602
3151 6088 212595 1 1490 550 611
3132 5990 212605 1 1500 550 617
3138 5897 212615 1 1500 550 611
3167 5826 212625 1 1490 560 616
3210 5783 212635 1 1490 560 624
3260 5758 212645 1 1490 560 625
3315 5750 212655 1 1470 560 614
3387 5776 212665 1 1470 560 611
3470 5826 212675 1 1460 570 611
3570 5920 212685 1 1460 570 613
3673 6020 212695 1 1460 570 613
3754 6123 212705 1 1460 570 616
3820 6207 212715 1 1460 570 622
3845 6251 212725 1 1460 570 639
3845 6269 212735 1 1470 580 636
3840 6269 212745 1 1470 580 639
3840 6253 212755 1 1470 580 647
3840 6236 212765 1 1470 580 656
3808 6132 212775 1 1470 580 659
3766 5990 212785 1 1470 580 673
3715 5822 212795 1 1470 580 687
3659 5670 212805 1 1480 570 717
3599 5515 212815 1 1480 570 751
3537 5339 212825 1 1490 560 760
3463 5150 212835 1 1490 560 777
3381 4968 212845 1 1480 570 790
3298 4804 212855 1 1480 570 794
3193 4651 212865 1 1470 580 812
3073 4529 212875 1 1470 580 817
2947 4418 212885 1 1460 580 837
2817 4314 212895 1 1430 590 848
2683 4244 212905 1 1430 590 851
2547 4206 212915 1 1420 590 861
2416 4190 212925 1 1410 600 861
2290 4209 212935 1 1390 600 848
2164 4268 212945 1 1380 600 824
2045 4354 212955 1 1360 610 784
1931 4478 212965 1 1350 600 731
1858 4616 212975 1 1350 600 636
1839 4764 212985 1 1340 610 427
4910 6061 213186 0 1470 530 315
4910 6061 213196 1 1480 540 305
4910 6061 213206 1 1480 540 304
4945 6152 213216 1 1480 540 312
4937 6181 213226 1 1500 540 341
4926 6244 213236 1 1500 540 399
4889 6292 213246 1 1510 540 456
4837 6331 213256 1 1510 540 512
4782 6352 213266 1 1530 550 535
4708 6337 213276 1 1530 550 539
4622 6299 213286 1 1530 550 562
4537 6228 213296 1 1530 550 583
4459 6130 213306 1 1530 550 605
4385 6014 213316 1 1530 550 613
4335 5901 213326 1 1530 550 619
4309 5810 213336 1 1530 550 620
4300 5734 213346 1 1530 550 619
4309 5694 213356 1 1520 560 613
4336 5670 213366 1 1500 550 611
4374 5658 213376 1 1490 560 589
4441 5677 213386 1 1490 560 561
4525 5734 213396 1 1470 560 546
4621 5816 213406 1 1470 560 533
4721 5918 213416 1 1440 570 540
4793 5997 213426 1 1440 570 537
4846 6061 213436 1 1440 570 570
4867 6087 213446 1 1450 560 584
4867 6092 213456 1 1450 560 591
4862 6083 213466 1 1450 560 613
4869 6057 213476 1 1450 560 636
4875 5973 213486 1 1450 560 640
4875 5851 213496 1 1450 560 650
4893 5748 213506 1 1450 560 661
4909 5670 213516 1 1470 560 664
4940 5608 213526 1 1470 560 679
4980 5563 213536 1 1470 560 690
5036 5537 213546 1 1480 570 697
5097 5523 213556 1 1480 570 699
5190 5546 213566 1 1480 570 687
5302 5609 213576 1 1470 580 670
5428 5698 213586 1 1470 580 638
5550 5810 213596 1 1470 580 594
5668 5937 213606 1 1470 580 583
5768 6074 213616 1 1490 580 580
5837 6190 213626 1 1490 580 585
5884 6302 213636 1 1490 580 628
5915 6376 213646 1 1500 580 671
5929 6427 213656 1 1500 580 688
5929 6434 213666 1 1520 590 690
5929 6434 213676 1 1530 580 684
5924 6424 213686 1 1530 580 690
5919 6407 213696 1 1540 580 705
5884 6320 213706 1 1550 580 730
5832 6206 213716 1 1570 580 736
5782 6075 213726 1 1570 580 755
5737 5941 213736 1 1570 570 751
5701 5804 213746 1 1570 570 756
5679 5705 213756 1 1570 570 759
5666 5634 213766 1 1570 570 759
5666 5581 213776 1 1570 570 753
5675 5550 213786 1 1570 580 746
5691 5534 213796 1 1550 580 730
5713 5534 213806 1 1550 580 670
5739 5558 213816 1 1540 580 556
5767 5603 213826 1 1530 580 374
5794 5662 213836 1 1520 590 104
5763 5771 213867 0 1490 590 144
5667 5882 213877 1 1490 590 254
5602 5935 213887 1 1470 590 327
5535 5982 213897 1 1470 590 475
5473 6014 213907 1 1470 590 566
5443 6036 213917 1 1490 580 624
5432 6050 213927 1 1490 580 641
5432 6050 213937 1 1500 570 646
5442 6050 213947 1 1500 570 684
5490 6050 213957 1 1510 560 724
5564 6062 213967 1 1510 560 727
5679 6076 213977 1 1510 560 730
5824 6101 213987 1 1530 560 731
5989 6123 213997 1 1530 560 724
6134 6144 214007 1 1540 550 693
6252 6144 214017 1 1540 550 591
6353 6125 214027 1 1540 550 392
6406 6091 214037 1 1560 550 61
6344 5981 214087 0 1580 550 221
6279 5890 214097 1 1580 550 428
6250 5875 214107 1 1580 550 494
6250 5848 214117 1 1580 550 527
6275 5813 214127 1 1570 560 548
6320 5789 214137 1 1570 560 574
6391 5789 214147 1 1570 560 603
6480 5805 214157 1 1560 570 619
6584 5859 214167 1 1560 570 619
6689 5924 214177 1 1560 570 617
6796 5996 214187 1 1570 570 614
6888 6074 214197 1 1570 570 605
6971 6149 214207 1 1570 570 602
7028 6218 214217 1 1590 570 603
7043 6268 214227 1 1590 570 603
7029 6305 214237 1 1610 570 605
6998 6343 214247 1 1610 570 613
6941 6354 214257 1 1610 570 611
6866 6346 214267 1 1620 580 630
6758 6302 214277 1 1620 580 665
6651 6229 214287 1 1620 580 696
6566 6136 214298 1 1620 580 725
6494 6020 214308 1 1620 580 760
6437 5899 214318 1 1630 570 791
6415 5793 214328 1 1630 570 797
6415 5698 214338 1 1630 570 811
6444 5625 214348 1 1620 580 823
6497 5572 214358 1 1620 580 822
6566 5532 214368 1 1610 570 834
6667 5523 214378 1 1600 580 834
6807 5552 214388 1 1600 580 825
6973 5607 214398 1 1570 590 827
7144 5692 214408 1 1570 590 797
7315 5796 214418 1 1570 600 773
7484 5914 214428 1 1570 600 754
7610 6025 214438 1 1570 600 739
7711 6136 214448 1 1570 600 733
7791 6247 214458 1 1570 610 733
7844 6360 214468 1 1570 610 734
7879 6438 214478 1 1570 610 745
7872 6495 214488 1 1590 610 751
7846 6518 214498 1 1600 600 749
7806 6518 214508 1 1600 600 758
7759 6509 214518 1 1620 610 760
7702 6469 214528 1 1620 600 782
7638 6403 214538 1 1620 600 788
7589 6319 214548 1 1650 590 806
7543 6230 214558 1 1650 590 815
7522 6145 214568 1 1650 580 823
7517 6070 214578 1 1650 580 825
7533 6000 214588 1 1650 580 852
7569 5926 214598 1 1660 570 853
7619 5849 214608 1 1650 580 860
7693 5783 214618 1 1650 580 869
7773 5726 214628 1 1650 590 876
7865 5676 214638 1 1630 590 882
7964 5633 214648 1 1640 600 896
8044 5594 214658 1 1640 600 899
8111 5554 214668 1 1630 610 900
8151 5517 214678 1 1630 620 908
8159 5483 214688 1 1650 620 902
8145 5447 214698 1 1640 630 923
8103 5408 214708 1 1640 630 944
8031 5365 214718 1 1630 640 944
7938 5322 214728 1 1630 640 970
7817 5292 214738 1 1620 650 997
7681 5269 214748 1 1620 650 982
7536 5257 214758 1 1620 660 991
7362 5246 214768 1 1620 660 997
7186 5235 214778 1 1620 660 1000
7008 5235 214788 1 1620 660 1003
6875 5235 214798 1 1620 660 1008
6767 5235 214808 1 1620 650 1009
6675 5251 214818 1 1600 650 997
6615 5272 214828 1 1600 650 988
6574 5298 214838 1 1580 640 935
6545 5316 214848 1 1580 640 817
6534 5331 214858 1 1560 640 616
