165
1393 7567 75839601 0 1250 530 226
1358 7634 75839611 1 1240 520 309
1330 7634 75839621 1 1240 520 296
1319 7608 75839631 1 1240 520 306
1319 7539 75839641 1 1240 520 325
1327 7418 75839651 1 1230 520 386
1339 7263 75839661 1 1230 520 450
1356 7060 75839671 1 1240 530 516
1377 6798 75839681 1 1240 530 586
1399 6497 75839691 1 1240 530 641
1412 6119 75839701 1 1240 530 700
1420 5678 75839711 1 1230 530 725
1428 5196 75839721 1 1220 540 740
1433 4663 75839731 1 1200 540 760
1427 4188 75839741 1 1170 540 754
1413 3752 75839751 1 1140 550 763
1400 3410 75839761 1 1130 560 776
1390 3143 75839771 1 1100 560 779
1383 2927 75839781 1 1070 570 782
1383 2797 75839791 1 1060 570 784
1373 2755 75839801 1 1030 580 763
1361 2773 75839811 1 1000 590 751
1315 2850 75839821 1 980 590 722
1259 3030 75839831 1 950 590 690
1196 3278 75839841 1 930 590 667
1133 3620 75839851 1 920 590 662
1103 4050 75839861 1 920 590 647
1096 4538 75839871 1 900 590 643
1131 5009 75839881 1 900 590 643
1203 5439 75839891 1 920 590 645
1299 5842 75839901 1 930 590 638
1411 6135 75839911 1 970 590 631
1544 6367 75839921 1 980 590 625
1692 6558 75839931 1 1020 580 624
1831 6689 75839941 1 1050 590 614
1976 6763 75839951 1 1070 590 619
2138 6799 75839961 1 1110 590 617
2308 6761 75839971 1 1130 590 617
2462 6642 75839981 1 1160 580 638
2604 6469 75839991 1 1180 590 646
2739 6228 75840001 1 1200 580 662
2808 5987 75840011 1 1230 590 693
2836 5724 75840021 1 1240 580 725
2836 5446 75840031 1 1270 590 737
2780 5153 75840041 1 1270 590 753
2682 4871 75840051 1 1280 590 770
2555 4597 75840061 1 1280 590 790
2413 4393 75840071 1 1260 600 793
2272 4237 75840081 1 1250 600 793
2123 4114 75840091 1 1250 600 791
1969 4082 75840101 1 1230 610 774
1828 4123 75840111 1 1230 610 768
1703 4212 75840121 1 1220 610 762
1589 4328 75840131 1 1200 620 768
1508 4423 75840141 1 1200 620 779
1468 4503 75840151 1 1170 610 780
1456 4532 75840161 1 1170 610 776
1470 4547 75840171 1 1150 620 773
1547 4552 75840181 1 1140 610 776
1667 4509 75840191 1 1140 610 782
1824 4409 75840201 1 1140 610 796
2021 4270 75840211 1 1140 610 791
2244 4090 75840221 1 1140 610 806
2470 3889 75840231 1 1140 610 818
2697 3675 75840241 1 1140 610 824
2925 3506 75840251 1 1130 610 834
3152 3364 75840261 1 1120 600 834
3374 3241 75840271 1 1120 600 828
3593 3180 75840281 1 1100 600 817
3832 3202 75840291 1 1100 600 812
4047 3279 75840301 1 1100 600 784
4247 3410 75840311 1 1100 600 763
4428 3572 75840321 1 1100 600 749
4562 3756 75840331 1 1100 600 733
4664 3961 75840341 1 1100 600 728
4722 4133 75840351 1 1100 600 727
4745 4283 75840361 1 1100 600 727
4745 4386 75840371 1 1100 600 728
4717 4440 75840381 1 1090 600 737
4679 4461 75840391 1 1090 600 739
4635 4453 75840401 1 1090 600 740
4597 4392 75840411 1 1110 590 758
4579 4297 75840421 1 1100 580 759
4579 4154 75840431 1 1120 580 771
4610 3995 75840441 1 1120 580 782
4681 3826 75840451 1 1120 580 782
4775 3670 75840461 1 1130 580 791
4887 3572 75840471 1 1130 580 793
5016 3512 75840481 1 1130 580 796
5157 3512 75840491 1 1130 580 796
5310 3575 75840501 1 1130 580 794
5437 3677 75840511 1 1130 580 791
5547 3830 75840521 1 1130 580 793
5613 3982 75840531 1 1130 580 788
5627 4131 75840541 1 1140 590 780
5605 4276 75840551 1 1140 590 773
5552 4367 75840561 1 1140 590 771
5480 4422 75840571 1 1140 590 774
5394 4430 75840581 1 1140 590 782
5325 4425 75840591 1 1140 590 788
5290 4411 75840601 1 1140 590 782
5277 4398 75840611 1 1140 590 790
5317 4350 75840621 1 1140 590 791
5417 4279 75840631 1 1140 590 797
5557 4237 75840641 1 1160 580 788
5780 4222 75840651 1 1170 590 799
6007 4222 75840661 1 1170 590 802
6273 4270 75840671 1 1180 590 803
6564 4346 75840681 1 1180 590 796
6843 4443 75840691 1 1190 600 788
7068 4551 75840701 1 1190 600 762
7258 4694 75840711 1 1190 600 722
7429 4860 75840721 1 1200 600 624
7543 5053 75840731 1 1200 600 456
7620 5271 75840741 1 1200 600 29
7551 5913 75840773 0 1220 610 274
7340 6060 75840783 1 1220 610 393
7212 6011 75840793 1 1230 610 499
7114 5934 75840803 1 1250 600 589
7045 5760 75840813 1 1260 610 671
6996 5530 75840823 1 1260 610 721
6981 5263 75840833 1 1280 610 785
6996 4978 75840843 1 1280 610 812
7030 4695 75840853 1 1280 610 821
7084 4414 75840863 1 1280 610 836
7142 4154 75840873 1 1290 600 833
7231 3974 75840883 1 1290 600 824
7339 3848 75840893 1 1290 600 826
7448 3815 75840903 1 1280 610 818
7553 3863 75840913 1 1280 610 811
7655 3965 75840923 1 1280 610 799
7741 4080 75840933 1 1260 610 794
7823 4157 75840943 1 1240 620 788
7903 4209 75840953 1 1240 620 787
7961 4197 75840963 1 1230 620 785
8023 4150 75840973 1 1230 620 796
8091 4081 75840983 1 1210 630 742
8162 4021 75840993 1 1210 630 675
8239 3985 75841003 1 1210 630 625
8335 3965 75841013 1 1210 630 619
8443 3995 75841023 1 1210 630 611
8555 4040 75841033 1 1210 630 639
8685 4095 75841043 1 1210 630 699
8827 4121 75841053 1 1210 630 751
9006 4111 75841063 1 1210 630 787
9186 4076 75841073 1 1210 630 793
9399 4033 75841083 1 1230 620 787
9635 4011 75841093 1 1230 620 752
9897 4004 75841103 1 1240 630 640
10165 4056 75841113 1 1240 630 581
10437 4139 75841123 1 1240 630 564
10689 4242 75841133 1 1250 640 561
10884 4329 75841143 1 1250 640 560
11042 4387 75841153 1 1270 630 548
11110 4427 75841163 1 1270 630 334
10019 4734 75841253 0 1350 600 794
9776 4541 75841263 1 1360 600 860
9685 4541 75841273 1 1350 590 830
9658 4608 75841283 1 1350 580 791
9651 4608 75841293 1 1340 570 515
8575 4890 75841404 0 1320 590 768
8270 4805 75841414 1 1310 600 759
8170 4783 75841424 1 1320 600 745
8142 4756 75841434 1 1310 610 664
8148 4702 75841444 1 1310 610 381
