316
3585 7009 8170518 0 1050 650 521
3551 7107 8170528 1 1050 650 611
3504 7197 8170538 1 1050 650 645
3472 7242 8170548 1 1060 660 649
3443 7264 8170558 1 1080 660 659
3386 7270 8170568 1 1100 660 667
3309 7270 8170578 1 1160 660 665
3198 7219 8170588 1 1200 650 671
3055 7140 8170598 1 1220 650 690
2891 7010 8170608 1 1250 640 742
2710 6809 8170618 1 1300 630 784
2499 6561 8170628 1 1320 630 820
2269 6258 8170638 1 1350 620 822
2054 5970 8170648 1 1360 610 824
1901 5691 8170658 1 1380 600 833
1788 5464 8170668 1 1410 590 834
1727 5292 8170678 1 1430 570 833
1704 5157 8170688 1 1460 570 824
1704 5118 8170698 1 1470 560 825
1750 5118 8170708 1 1480 560 843
1850 5150 8170718 1 1480 560 849
1989 5241 8170728 1 1480 560 860
2202 5377 8170738 1 1460 550 855
2419 5544 8170748 1 1450 560 878
2650 5698 8170758 1 1450 560 896
2889 5848 8170768 1 1440 570 897
3093 5995 8170778 1 1440 570 902
3251 6082 8170788 1 1430 560 896
3377 6109 8170798 1 1420 570 894
3428 6096 8170808 1 1420 570 863
3418 6011 8170818 1 1420 570 845
3368 5821 8170828 1 1420 570 832
3248 5560 8170838 1 1420 570 827
3086 5272 8170848 1 1420 570 830
2895 4976 8170858 1 1420 570 834
2709 4674 8170868 1 1420 570 861
2535 4411 8170878 1 1400 560 870
2370 4202 8170888 1 1400 560 876
2279 4030 8170898 1 1400 560 873
2246 3968 8170908 1 1400 560 861
2251 3954 8170918 1 1400 560 872
2280 3971 8170928 1 1390 570 876
2375 4046 8170938 1 1390 570 875
2513 4233 8170948 1 1380 570 875
2709 4494 8170958 1 1380 570 876
2898 4804 8170968 1 1360 570 873
3083 5125 8170978 1 1360 570 881
3236 5453 8170988 1 1350 580 879
3338 5727 8170998 1 1350 580 878
3406 5985 8171008 1 1350 580 896
3440 6232 8171018 1 1350 580 900
3453 6425 8171028 1 1360 570 933
3453 6534 8171038 1 1350 570 943
3448 6588 8171048 1 1350 570 947
3441 6588 8171058 1 1350 570 943
3432 6588 8171068 1 1360 560 933
3405 6573 8171078 1 1380 570 950
3342 6489 8171088 1 1390 560 951
3256 6359 8171098 1 1390 560 933
3143 6151 8171108 1 1400 550 951
3036 5880 8171118 1 1400 550 945
2932 5567 8171128 1 1410 550 938
2850 5197 8171138 1 1410 550 964
2785 4736 8171148 1 1410 550 989
2731 4215 8171158 1 1410 550 997
2687 3693 8171168 1 1400 550 1006
2677 3360 8171178 1 1410 560 1023
2690 3152 8171188 1 1410 560 1023
2735 3022 8171198 1 1400 560 1023
2817 2955 8171208 1 1390 570 1023
2923 2930 8171218 1 1380 580 1023
3097 2967 8171228 1 1360 580 1023
3307 3101 8171238 1 1350 590 1023
3540 3299 8171248 1 1340 600 1023
3818 3559 8171258 1 1320 600 1023
4103 3882 8171268 1 1310 610 1023
4393 4246 8171278 1 1310 610 1023
4673 4615 8171288 1 1290 610 1023
4903 5014 8171298 1 1270 620 1023
5100 5433 8171308 1 1270 620 1023
5249 5832 8171318 1 1270 620 1023
5367 6191 8171328 1 1270 620 1023
5465 6524 8171338 1 1270 620 1023
5554 6734 8171348 1 1270 620 1023
5615 6867 8171358 1 1290 610 1023
5657 6948 8171368 1 1290 610 1023
5668 6977 8171378 1 1310 610 1023
5662 6977 8171388 1 1320 600 1023
5645 6964 8171398 1 1320 600 1023
5593 6903 8171408 1 1340 600 1023
5523 6744 8171418 1 1350 590 1023
5442 6521 8171428 1 1360 580 1023
5377 6152 8171438 1 1360 580 1023
5341 5634 8171448 1 1380 580 1023
5324 5018 8171458 1 1380 580 1023
5331 4368 8171468 1 1380 580 1023
5339 3878 8171478 1 1360 580 1023
5339 3494 8171488 1 1360 580 1023
5344 3319 8171498 1 1350 590 1023
5368 3217 8171508 1 1340 600 1023
5394 3163 8171518 1 1320 600 1023
5436 3163 8171528 1 1310 610 1023
5486 3239 8171538 1 1270 620 1023
5536 3374 8171548 1 1260 620 1023
5569 3641 8171558 1 1240 630 1023
5591 4043 8171568 1 1220 630 1023
5607 4534 8171578 1 1200 640 1023
5632 5098 8171588 1 1190 640 1023
5719 5670 8171598 1 1170 650 1023
5844 6247 8171608 1 1170 650 1023
6013 6762 8171618 1 1170 650 1023
6227 7141 8171628 1 1170 650 1023
6471 7429 8171638 1 1190 640 1023
6698 7661 8171648 1 1220 650 1023
6892 7785 8171658 1 1240 640 1023
7065 7838 8171668 1 1250 640 1023
7185 7822 8171678 1 1270 630 1023
7268 7709 8171688 1 1320 630 1023
7326 7531 8171698 1 1330 620 1023
7311 7233 8171708 1 1350 620 1023
7229 6929 8171718 1 1380 610 1023
7101 6622 8171728 1 1390 610 1023
6950 6399 8171738 1 1420 610 1023
6774 6213 8171748 1 1440 600 1023
6582 6052 8171758 1 1440 600 1023
6418 5955 8171768 1 1440 600 1023
6254 5931 8171778 1 1450 590 1023
6124 5957 8171788 1 1450 590 1023
6016 6046 8171798 1 1450 590 1023
5959 6158 8171808 1 1450 590 1023
5959 6285 8171818 1 1450 590 1023
5999 6410 8171828 1 1440 600 1023
6103 6530 8171838 1 1440 600 1023
6257 6625 8171848 1 1420 590 1023
6444 6706 8171858 1 1420 590 1023
6647 6756 8171868 1 1420 590 1023
6853 6771 8171878 1 1420 590 1023
7060 6764 8171888 1 1410 600 1023
7233 6734 8171898 1 1410 600 1023
7371 6683 8171908 1 1410 600 1023
7486 6618 8171918 1 1410 600 1023
7541 6516 8171928 1 1420 610 1023
7530 6337 8171938 1 1420 610 1023
7475 6106 8171948 1 1420 610 1023
7355 5843 8171958 1 1430 620 1023
7204 5626 8171968 1 1430 620 1023
7032 5441 8171978 1 1410 630 1023
6862 5264 8171988 1 1400 630 1023
6694 5137 8171998 1 1400 630 1023
6585 5044 8172008 1 1380 640 1023
6515 5006 8172018 1 1380 640 1023
6498 4995 8172028 1 1380 640 1023
6498 5001 8172038 1 1380 640 1023
6510 5023 8172048 1 1370 650 1023
6565 5105 8172058 1 1370 650 1023
6660 5228 8172068 1 1370 650 1023
6782 5354 8172078 1 1350 650 1023
6912 5474 8172088 1 1330 650 1023
7029 5541 8172098 1 1330 650 1023
7119 5576 8172108 1 1320 650 1023
7195 5557 8172118 1 1320 650 1023
7250 5472 8172128 1 1320 650 1023
7273 5344 8172138 1 1300 660 1023
7273 5114 8172148 1 1300 660 1023
7234 4822 8172158 1 1300 660 1023
7164 4490 8172168 1 1280 660 1023
7074 4194 8172178 1 1300 670 1023
6980 3935 8172188 1 1300 670 1023
6891 3701 8172198 1 1280 680 1023
6809 3535 8172208 1 1280 680 1023
6764 3436 8172218 1 1250 680 1023
6743 3382 8172228 1 1230 690 1023
6750 3382 8172238 1 1230 690 1023
6757 3447 8172248 1 1210 690 1023
6791 3545 8172258 1 1210 690 1023
6842 3772 8172268 1 1180 700 1023
6889 4062 8172271 1 1180 700 1023
6937 4393 8172281 1 1180 700 1023
6986 4730 8172291 1 1160 700 1023
7035 5069 8172301 1 1160 700 1023
7090 5367 8172311 1 1150 690 1023
7149 5639 8172321 1 1150 690 1023
7211 5852 8172331 1 1150 690 1023
7263 6024 8172341 1 1170 690 1023
7310 6169 8172351 1 1160 680 1023
7340 6265 8172361 1 1180 680 1023
7351 6324 8172371 1 1200 670 1023
7351 6359 8172381 1 1220 670 1023
7332 6369 8172391 1 1220 670 1023
7307 6362 8172401 1 1260 670 1023
7276 6344 8172411 1 1280 660 1023
7238 6284 8172421 1 1300 660 1023
7201 6142 8172431 1 1320 650 1023
7178 5946 8172441 1 1330 650 1023
7165 5583 8172451 1 1330 650 1023
7165 5067 8172461 1 1330 650 1023
7165 4450 8172471 1 1350 640 1023
7170 3711 8172481 1 1370 650 1023
7178 3075 8172491 1 1350 650 1023
7191 2508 8172501 1 1330 660 1023
7170 2121 8172511 1 1300 670 1023
7175 1831 8172521 1 1250 680 1023
7198 1605 8172531 1 1220 700 1023
7207 1555 8172541 1 1170 710 1023
7217 1575 8172551 1 1120 720 1023
7228 1641 8172561 1 1090 720 1023
7228 1804 8172571 1 1030 730 1023
7236 2043 8172581 1 970 730 1023
7242 2332 8172591 1 900 730 1023
7275 2694 8172601 1 900 730 1023
7392 3117 8172611 1 870 730 1023
7565 3581 8172621 1 800 730 1023
7792 4055 8172631 1 770 730 1023
8077 4575 8172641 1 780 720 1023
8401 5126 8172651 1 750 710 1023
8751 5680 8172661 1 780 720 1023
9076 6130 8172671 1 780 720 1023
9383 6512 8172681 1 810 720 1023
9648 6809 8172691 1 870 720 1023
9855 7025 8172701 1 900 720 1023
10023 7188 8172711 1 930 720 1023
10124 7305 8172721 1 960 720 1023
10185 7408 8172731 1 1030 730 1023
10220 7502 8172741 1 1090 720 1023
10220 7578 8172751 1 1120 720 1023
10212 7650 8172761 1 1160 720 1023
10194 7700 8172771 1 1220 710 1023
10170 7737 8172781 1 1260 720 1023
10131 7751 8172791 1 1310 710 1023
10083 7759 8172801 1 1350 710 1023
10022 7742 8172811 1 1370 700 1023
9951 7711 8172821 1 1410 700 1023
9874 7654 8172831 1 1410 700 1023
9800 7546 8172841 1 1430 690 1023
9727 7404 8172851 1 1430 690 1023
9644 7155 8172861 1 1470 690 1023
9555 6801 8172871 1 1470 690 1023
9427 6378 8172881 1 1470 690 1023
9279 5827 8172891 1 1470 690 1023
9118 5323 8172901 1 1450 700 1023
8974 4851 8172911 1 1450 700 1023
8877 4529 8172921 1 1430 700 1023
8812 4328 8172931 1 1420 710 1023
8799 4209 8172941 1 1400 720 1023
8809 4192 8172951 1 1370 730 1023
8835 4230 8172961 1 1350 730 1023
8962 4304 8172971 1 1300 730 1023
9082 4491 8172981 1 1300 730 1023
9198 4779 8172991 1 1270 740 1023
9358 5135 8173001 1 1240 740 1023
9523 5556 8173011 1 1210 750 1023
9695 5931 8173021 1 1180 750 1023
9852 6275 8173031 1 1140 760 1023
9999 6470 8173041 1 1140 760 1023
10094 6579 8173051 1 1140 760 1023
10146 6631 8173061 1 1140 760 1023
10169 6654 8173071 1 1180 750 1023
10169 6668 8173081 1 1180 750 1023
10150 6675 8173091 1 1180 750 1023
10124 6704 8173101 1 1230 760 1023
10074 6732 8173111 1 1230 760 1023
10007 6757 8173121 1 1270 750 1023
9928 6764 8173131 1 1270 750 1023
9848 6759 8173141 1 1300 750 1023
9782 6746 8173151 1 1300 750 1023
9726 6733 8173161 1 1300 730 1023
9682 6719 8173171 1 1300 730 1023
9652 6708 8173181 1 1330 730 1023
9631 6699 8173191 1 1330 730 1023
9619 6692 8173201 1 1330 730 1023
9611 6684 8173211 1 1330 730 1023
9606 6675 8173221 1 1330 730 1023
9606 6617 8173231 1 1350 720 1023
9606 6527 8173241 1 1330 710 1023
9614 6299 8173251 1 1330 710 1023
9623 5880 8173261 1 1330 710 1023
9631 5335 8173271 1 1330 710 1023
9641 4637 8173281 1 1330 710 1023
9656 4026 8173291 1 1300 720 1023
9648 3473 8173301 1 1300 720 1023
9624 2936 8173311 1 1250 730 1023
9662 2472 8173321 1 1240 740 1023
9703 2057 8173331 1 1180 750 1023
9677 1887 8173341 1 1110 760 1023
9605 1850 8173351 1 1070 760 1023
9507 1903 8173361 1 990 770 1023
9382 1993 8173371 1 900 770 1023
9240 2146 8173381 1 900 770 1023
9068 2342 8173391 1 810 770 1023
8889 2551 8173401 1 770 770 1023
8706 2764 8173411 1 730 760 1023
8636 2850 8173421 1 660 760 1023
8571 2850 8173431 1 620 750 1023
8517 2792 8173441 1 590 750 1023
8470 2639 8173451 1 580 740 1023
8460 2424 8173461 1 580 740 1023
8474 2197 8173471 1 550 730 1023
8479 1998 8173481 1 550 730 1023
8493 1817 8173491 1 570 720 1023
8513 1783 8173501 1 570 720 1023
8548 1850 8173511 1 570 720 1023
8631 1984 8173521 1 580 710 1023
8747 2254 8173531 1 560 710 864
8934 2590 8173541 1 580 710 620
9124 2969 8173551 1 580 710 545
9356 3389 8173561 1 600 710 670
9615 3690 8173571 1 600 710 884
9890 3912 8173581 1 580 710 1023
10100 4015 8173591 1 580 710 1023
10267 4007 8173601 1 580 710 1023
10378 3926 8173611 1 580 710 1023
10440 3786 8173621 1 570 720 1023
10468 3666 8173631 1 590 730 1023
10458 3560 8173641 1 590 730 1023
10422 3533 8173651 1 580 740 1023
10368 3565 8173661 1 580 740 450
