179
2359 5724 8697826 0 1360 540 247
2293 5771 8697836 1 1360 540 276
2274 5804 8697846 1 1350 530 276
2274 5842 8697856 1 1340 540 277
2296 5884 8697866 1 1330 530 287
2344 5943 8697876 1 1330 530 297
2411 6013 8697886 1 1330 530 316
2518 6130 8697896 1 1330 530 322
2655 6236 8697906 1 1330 530 332
2811 6334 8697916 1 1330 530 349
2960 6418 8697926 1 1330 530 362
3109 6472 8697936 1 1330 530 413
3242 6506 8697946 1 1330 530 431
3364 6518 8697956 1 1330 530 438
3454 6501 8697966 1 1340 520 440
3514 6464 8697976 1 1340 520 443
3553 6382 8697986 1 1350 520 455
3553 6268 8697996 1 1350 520 463
3506 6134 8698006 1 1350 520 465
3434 5965 8698016 1 1360 510 472
3334 5788 8698026 1 1360 510 509
3222 5605 8698036 1 1350 520 544
3102 5444 8698046 1 1350 520 564
3008 5305 8698056 1 1350 520 566
2957 5181 8698067 1 1350 520 567
2935 5139 8698077 1 1340 520 560
2942 5133 8698087 1 1340 520 568
2994 5152 8698097 1 1340 520 559
3077 5208 8698107 1 1330 530 543
3204 5297 8698117 1 1330 530 540
3335 5407 8698127 1 1330 530 539
3460 5504 8698137 1 1310 540 537
3578 5550 8698147 1 1300 530 540
3664 5562 8698157 1 1300 530 535
3693 5531 8698167 1 1290 530 530
3684 5428 8698177 1 1290 530 532
3612 5278 8698187 1 1290 530 533
3503 5083 8698197 1 1290 530 543
3370 4874 8698207 1 1290 530 543
3232 4656 8698217 1 1290 530 567
3103 4480 8698227 1 1290 530 592
2981 4347 8698237 1 1280 540 591
2929 4244 8698247 1 1280 540 594
2916 4217 8698257 1 1280 540 578
2930 4222 8698267 1 1280 540 565
2993 4249 8698277 1 1290 550 527
3099 4303 8698287 1 1290 550 490
3234 4365 8698297 1 1290 550 473
3384 4432 8698307 1 1270 550 467
3534 4441 8698317 1 1270 550 464
3654 4376 8698327 1 1270 550 474
3753 4263 8698337 1 1270 550 468
3777 4119 8698347 1 1270 550 473
3756 3936 8698357 1 1270 550 477
3704 3728 8698367 1 1270 550 489
3616 3526 8698377 1 1260 560 533
3517 3322 8698387 1 1260 560 546
3411 3114 8698397 1 1260 560 539
3329 2972 8698407 1 1260 560 498
3274 2873 8698417 1 1260 560 281
3949 5270 8698517 0 1240 550 415
4444 5744 8698527 1 1250 550 418
4630 5932 8698537 1 1250 550 371
4761 6108 8698547 1 1250 540 362
4913 6240 8698557 1 1270 530 371
5060 6344 8698567 1 1280 530 327
5204 6429 8698577 1 1290 520 277
5317 6463 8698587 1 1310 520 245
5391 6463 8698597 1 1310 520 207
5438 6436 8698607 1 1330 520 161
5429 6337 8698617 1 1340 510 90
5350 6153 8698627 1 1350 520 42
5225 5912 8698637 1 1360 510 54
5054 5597 8698647 1 1360 510 124
4866 5244 8698657 1 1370 520 247
4667 4866 8698667 1 1370 520 381
4486 4527 8698677 1 1360 520 455
4387 4290 8698687 1 1360 520 473
4343 4122 8698697 1 1360 520 471
4356 4034 8698707 1 1350 530 468
4416 4013 8698717 1 1350 530 485
4508 4037 8698727 1 1340 540 490
4648 4129 8698737 1 1340 540 491
4810 4282 8698747 1 1330 540 501
4987 4477 8698757 1 1310 550 502
5158 4691 8698767 1 1300 540 497
5333 4947 8698777 1 1290 550 472
5490 5231 8698787 1 1290 550 433
5632 5553 8698797 1 1290 550 396
5757 5879 8698807 1 1290 550 393
5845 6209 8698817 1 1290 550 381
5907 6528 8698827 1 1300 550 376
5927 6784 8698837 1 1300 550 346
5927 6999 8698838 1 1310 550 348
5918 7167 8698848 1 1340 550 353
5857 7205 8698858 1 1350 540 362
5742 7157 8698868 1 1350 540 399
5592 7015 8698878 1 1370 540 440
5444 6752 8698888 1 1390 540 510
5296 6408 8698898 1 1400 530 540
5149 5973 8698908 1 1410 520 565
5019 5477 8698918 1 1410 520 584
4900 4940 8698928 1 1400 520 592
4820 4368 8698938 1 1410 510 619
4793 3791 8698948 1 1400 520 644
4800 3380 8698958 1 1400 520 662
4889 3081 8698968 1 1390 520 670
5043 2882 8698978 1 1370 530 678
5239 2779 8698988 1 1360 540 691
5484 2740 8698998 1 1350 540 699
5738 2810 8699008 1 1340 550 696
5997 2978 8699018 1 1310 560 702
6216 3212 8699028 1 1300 560 690
6438 3497 8699038 1 1300 580 666
6622 3818 8699048 1 1280 580 625
6778 4162 8699058 1 1280 580 591
6860 4466 8699068 1 1270 590 561
6837 4654 8699078 1 1260 600 554
6743 4765 8699088 1 1260 600 554
6580 4765 8699098 1 1260 600 564
6385 4725 8699108 1 1260 600 581
6169 4651 8699118 1 1260 600 619
5986 4543 8699128 1 1280 590 655
5900 4425 8699138 1 1280 590 675
5878 4300 8699148 1 1290 590 702
5955 4142 8699158 1 1310 600 711
6154 3957 8699168 1 1320 590 724
6435 3754 8699178 1 1320 590 728
6754 3612 8699188 1 1340 580 731
7079 3521 8699198 1 1340 600 687
7415 3464 8699208 1 1340 600 614
7761 3426 8699218 1 1340 600 439
7972 5225 8699419 0 1340 580 307
7918 5359 8699429 1 1340 570 320
7927 5449 8699439 1 1350 570 319
7959 5548 8699449 1 1360 560 329
8046 5598 8699459 1 1380 550 337
8195 5663 8699469 1 1400 550 356
8386 5738 8699479 1 1400 550 387
8622 5812 8699489 1 1400 550 438
8883 5904 8699499 1 1400 550 483
9160 6008 8699509 1 1410 560 504
9422 6121 8699519 1 1400 560 514
9666 6232 8699529 1 1410 560 512
9899 6304 8699539 1 1430 560 495
10045 6351 8699549 1 1440 570 399
10088 6317 8699559 1 1440 570 241
10061 6208 8699569 1 1470 580 1
9713 5816 8699589 0 1500 570 139
9157 5343 8699599 1 1500 570 369
8886 5111 8699609 1 1500 570 509
8631 4909 8699619 1 1500 570 591
8456 4728 8699629 1 1500 570 619
8367 4626 8699639 1 1500 570 613
8335 4571 8699649 1 1500 570 622
8386 4547 8699659 1 1500 570 638
8504 4547 8699669 1 1500 570 645
8666 4589 8699679 1 1490 580 641
8883 4654 8699689 1 1490 580 650
9121 4749 8699699 1 1470 580 664
9374 4857 8699709 1 1460 580 670
9645 4974 8699719 1 1460 580 670
9882 5050 8699729 1 1460 580 644
10096 5063 8699739 1 1460 580 548
10206 5033 8699749 1 1460 580 382
10217 4926 8699759 1 1470 590 112
10217 4926 8699789 0 1470 590 56
9767 4224 8699799 1 1490 590 344
9475 3937 8699809 1 1490 590 548
9171 3648 8699809 1 1480 600 681
8916 3360 8699819 1 1480 600 773
8694 3117 8699829 1 1480 600 827
8605 2971 8699839 1 1480 600 853
8653 2889 8699849 1 1480 600 884
8791 2883 8699859 1 1500 600 893
9120 2971 8699869 1 1510 600 888
9577 3121 8699879 1 1500 600 842
10120 3335 8699889 1 1510 610 707
10715 3542 8699899 1 1510 610 259
