173
2618 6532 8682755 0 1320 450 218
2534 6428 8682765 1 1330 450 279
2466 6496 8682775 1 1330 450 287
2424 6510 8682785 1 1320 460 279
2399 6488 8682795 1 1330 460 310
2386 6488 8682805 1 1320 470 338
2396 6503 8682815 1 1320 470 344
2410 6528 8682825 1 1320 480 351
2471 6582 8682835 1 1320 480 356
2563 6654 8682845 1 1320 480 358
2703 6739 8682855 1 1330 480 361
2833 6818 8682865 1 1330 480 361
2955 6894 8682875 1 1340 490 363
3068 6936 8682885 1 1340 490 364
3160 6957 8682895 1 1350 500 363
3237 6949 8682905 1 1350 500 361
3276 6912 8682915 1 1350 500 371
3276 6857 8682925 1 1350 500 371
3260 6768 8682935 1 1350 500 369
3189 6643 8682945 1 1360 490 374
3079 6494 8682955 1 1360 490 393
2944 6326 8682965 1 1360 490 422
2826 6179 8682975 1 1360 490 464
2728 6046 8682985 1 1360 490 502
2642 5959 8682995 1 1360 490 515
2606 5912 8683005 1 1360 490 517
2596 5891 8683015 1 1360 490 514
2603 5898 8683025 1 1360 490 513
2641 5929 8683035 1 1360 490 516
2729 5975 8683045 1 1370 500 521
2849 6043 8683055 1 1360 500 522
2985 6107 8683065 1 1360 500 526
3125 6162 8683075 1 1360 500 524
3228 6180 8683085 1 1360 500 521
3303 6174 8683095 1 1360 500 515
3318 6131 8683105 1 1360 500 517
3275 6031 8683115 1 1360 500 514
3194 5892 8683125 1 1360 500 517
3062 5717 8683135 1 1360 500 512
2938 5553 8683145 1 1360 500 541
2820 5396 8683155 1 1350 510 546
2754 5274 8683165 1 1350 510 541
2735 5205 8683175 1 1340 510 519
2748 5172 8683185 1 1340 510 512
2802 5172 8683195 1 1340 510 469
2894 5201 8683205 1 1330 520 443
3010 5255 8683215 1 1330 520 436
3163 5309 8683225 1 1310 520 440
3298 5351 8683235 1 1310 520 433
3421 5310 8683245 1 1300 530 433
3493 5218 8683255 1 1300 530 440
3518 5076 8683265 1 1300 530 443
3511 4892 8683275 1 1290 530 456
3463 4680 8683285 1 1290 530 480
3396 4491 8683295 1 1280 540 514
3316 4300 8683305 1 1280 540 526
3241 4107 8683315 1 1280 540 532
3168 3967 8683325 1 1260 540 530
3114 3872 8683335 1 1250 540 515
3070 3806 8683345 1 1250 540 428
3048 3811 8683355 1 1240 540 171
3496 5447 8683426 0 1230 530 170
3778 5836 8683436 1 1230 530 203
3923 6014 8683446 1 1230 530 153
4074 6176 8683456 1 1240 530 137
4276 6328 8683466 1 1250 530 139
4466 6491 8683476 1 1250 530 158
4649 6606 8683486 1 1270 520 190
4802 6688 8683496 1 1280 520 195
4881 6711 8683506 1 1280 520 196
4911 6667 8683516 1 1300 520 205
4882 6578 8683526 1 1320 510 208
4775 6382 8683536 1 1320 510 213
4616 6136 8683546 1 1320 510 251
4430 5857 8683556 1 1330 510 324
4246 5587 8683566 1 1330 510 393
4105 5362 8683576 1 1330 510 425
3992 5168 8683586 1 1330 510 427
3977 5076 8683596 1 1330 510 443
4026 5055 8683606 1 1320 500 465
4117 5081 8683616 1 1300 510 465
4272 5193 8683626 1 1300 510 469
4452 5372 8683636 1 1300 510 468
4648 5597 8683646 1 1290 510 464
4839 5791 8683656 1 1290 510 465
4976 5974 8683666 1 1290 510 468
5078 6151 8683676 1 1290 510 418
5151 6284 8683686 1 1290 510 367
5189 6417 8683696 1 1290 510 330
5204 6550 8683706 1 1290 510 285
5188 6663 8683716 1 1300 520 252
5148 6773 8683726 1 1300 520 255
5093 6875 8683736 1 1300 520 284
5036 6943 8683746 1 1320 510 344
4983 6989 8683756 1 1330 520 344
4933 6977 8683766 1 1340 510 348
4876 6890 8683776 1 1350 510 371
4788 6753 8683786 1 1360 500 388
4682 6539 8683796 1 1360 500 420
4566 6241 8683806 1 1370 500 471
4470 5888 8683816 1 1370 500 515
4388 5546 8683826 1 1370 500 545
4352 5225 8683836 1 1370 500 548
4388 4917 8683846 1 1360 500 556
4472 4734 8683856 1 1350 500 570
4610 4657 8683866 1 1340 500 581
4774 4652 8683876 1 1340 500 589
4956 4691 8683886 1 1340 500 611
5100 4787 8683896 1 1330 510 600
5246 4920 8683906 1 1320 510 592
5358 5085 8683916 1 1300 520 565
5446 5269 8683926 1 1280 530 538
5486 5465 8683936 1 1270 530 521
5493 5650 8683946 1 1270 530 515
5478 5763 8683956 1 1250 540 517
5403 5828 8683966 1 1250 540 522
5267 5817 8683976 1 1240 540 527
5091 5746 8683986 1 1240 540 568
4919 5635 8683996 1 1240 540 617
4776 5496 8684006 1 1240 540 647
4653 5366 8684016 1 1240 540 667
4665 5241 8684026 1 1260 540 693
4791 5147 8684036 1 1260 540 697
4994 5089 8684046 1 1280 540 717
5304 5055 8684056 1 1280 540 728
5659 5084 8684066 1 1280 540 728
6045 5144 8684076 1 1300 540 733
6400 5224 8684086 1 1300 540 710
6734 5298 8684096 1 1300 540 592
7055 5349 8684106 1 1310 550 251
7075 6183 8684267 0 1350 550 332
7130 6237 8684277 1 1350 550 320
7156 6300 8684287 1 1360 550 289
7176 6380 8684297 1 1350 540 284
7271 6417 8684307 1 1360 540 322
7418 6465 8684317 1 1360 540 441
7600 6521 8684327 1 1360 520 513
7824 6593 8684337 1 1360 520 539
8052 6664 8684347 1 1360 520 557
8282 6734 8684357 1 1360 520 554
8505 6786 8684367 1 1370 530 550
8657 6801 8684377 1 1370 530 535
8761 6791 8684387 1 1400 530 520
8783 6745 8684397 1 1400 540 490
8718 6651 8684407 1 1400 540 420
8594 6524 8684417 1 1410 550 371
8396 6343 8684427 1 1430 550 364
8177 6174 8684427 1 1430 550 444
7944 6014 8684437 1 1440 560 527
7756 5896 8684447 1 1440 560 592
7650 5827 8684457 1 1430 560 636
7599 5791 8684467 1 1430 560 665
7599 5791 8684477 1 1430 560 678
7658 5814 8684487 1 1420 570 691
7748 5849 8684497 1 1420 570 697
7914 5920 8684507 1 1420 570 702
8082 5993 8684517 1 1420 570 697
8251 6068 8684527 1 1410 560 697
8451 6141 8684537 1 1410 560 699
8637 6190 8684547 1 1410 560 697
8814 6224 8684557 1 1410 560 690
8951 6224 8684567 1 1430 560 656
8995 6172 8684577 1 1430 560 611
8977 6088 8684587 1 1430 560 536
8823 5916 8684597 1 1420 570 532
8585 5704 8684607 1 1430 570 613
8290 5466 8684617 1 1430 570 730
8027 5246 8684627 1 1430 570 824
7897 5126 8684637 1 1430 570 855
7856 5073 8684647 1 1460 570 926
8012 5120 8684657 1 1440 580 944
8365 5273 8684667 1 1440 580 930
8849 5498 8684677 1 1440 580 768
