165
2608 4715 52494523 0 1320 400 376
2608 4715 52494533 1 1320 400 389
2608 4715 52494543 1 1320 400 417
2527 4715 52494553 1 1310 400 415
2527 4710 52494563 1 1310 400 425
2630 4745 52494573 1 1310 400 428
2810 4806 52494583 1 1310 410 438
2988 4897 52494593 1 1320 420 444
3176 4970 52494603 1 1310 420 441
3370 5030 52494613 1 1320 430 415
3522 5073 52494623 1 1320 440 304
3462 5605 52494713 0 1360 480 381
3356 5672 52494723 1 1360 480 412
3263 5721 52494733 1 1360 480 415
3242 5699 52494743 1 1360 480 420
3226 5630 52494753 1 1360 480 444
3216 5445 52494763 1 1360 480 510
3207 5157 52494773 1 1350 490 583
3198 4800 52494783 1 1350 490 619
3177 4389 52494793 1 1350 490 638
3149 3898 52494803 1 1340 490 644
3119 3355 52494813 1 1340 490 617
3094 2880 52494823 1 1340 490 591
3094 2552 52494833 1 1330 500 520
3121 2321 52494843 1 1320 500 351
3173 2236 52494853 1 1300 510 1
3106 4369 52494963 0 1210 520 344
3264 4448 52494973 1 1210 520 337
3154 4419 52494983 1 1210 520 333
2919 4257 52494993 1 1200 510 334
2729 4009 52495003 1 1210 510 338
2515 3685 52495013 1 1210 510 341
2284 3428 52495023 1 1220 500 334
2140 3217 52495033 1 1220 500 259
2103 3197 52495043 1 1230 490 20
2637 4025 52495093 0 1250 500 78
3015 4429 52495103 1 1260 490 203
3133 4492 52495113 1 1260 490 315
3227 4492 52495123 1 1260 490 423
3313 4442 52495133 1 1260 490 496
3393 4355 52495143 1 1260 490 515
3490 4244 52495153 1 1250 500 521
3607 4134 52495163 1 1260 500 522
3737 4040 52495173 1 1260 500 428
3865 3956 52495183 1 1260 500 214
4631 5112 52495354 0 1300 530 567
4594 4984 52495364 1 1300 530 550
4530 5066 52495374 1 1300 530 557
4433 5097 52495384 1 1300 530 551
4465 5097 52495394 1 1310 520 556
4583 5124 52495404 1 1340 510 556
4759 5132 52495414 1 1340 500 561
4954 5125 52495424 1 1350 500 561
5163 5120 52495434 1 1350 500 562
5382 5139 52495444 1 1370 500 526
5578 5174 52495454 1 1370 500 418
5744 5229 52495464 1 1370 500 130
5396 6128 52495564 0 1390 480 393
5383 5998 52495574 1 1390 480 402
5321 5977 52495584 1 1390 480 443
5256 5800 52495594 1 1390 470 509
5236 5519 52495604 1 1390 470 562
5206 5130 52495614 1 1390 470 581
5152 4666 52495624 1 1390 470 602
5084 4152 52495634 1 1380 480 613
5028 3599 52495644 1 1370 470 620
4978 3128 52495654 1 1370 470 622
4958 2712 52495664 1 1370 480 602
4958 2447 52495674 1 1360 490 520
4985 2290 52495684 1 1340 500 343
4976 4461 52495804 0 1200 520 361
4953 4352 52495814 1 1210 520 363
4767 4312 52495824 1 1200 510 366
4575 4117 52495834 1 1210 510 368
4373 3878 52495844 1 1220 500 373
4165 3611 52495854 1 1220 500 368
3969 3403 52495864 1 1220 480 333
3880 3331 52495874 1 1220 480 141
4799 4543 52495945 0 1240 480 279
5250 4616 52495955 1 1240 480 344
5331 4609 52495965 1 1250 480 450
5350 4536 52495975 1 1250 480 522
5408 4418 52495985 1 1250 480 546
5486 4285 52495995 1 1250 500 559
5578 4169 52496005 1 1250 500 557
5708 4064 52496015 1 1250 500 512
5853 3985 52496025 1 1260 500 367
6753 5358 52496365 0 1300 460 391
6753 5358 52496375 1 1290 450 444
6710 5479 52496385 1 1300 450 458
6684 5540 52496395 1 1300 450 461
6702 5530 52496405 1 1310 440 463
6702 5530 52496415 1 1320 450 466
6825 5351 52496425 1 1320 450 464
6881 5211 52496435 1 1320 450 468
6923 5067 52496445 1 1330 450 465
6970 4904 52496455 1 1330 450 443
7022 4731 52496465 1 1340 460 279
6608 2952 52496585 0 1320 500 483
6592 2792 52496595 1 1300 510 509
6561 2792 52496605 1 1290 510 491
6530 2801 52496615 1 1290 510 505
6575 2811 52496625 1 1280 520 499
6675 2914 52496626 1 1270 510 499
6812 3079 52496636 1 1260 510 496
6957 3226 52496646 1 1260 510 382
7789 5524 52496776 0 1350 510 554
7917 5278 52496786 1 1350 510 468
7894 5203 52496796 1 1370 510 475
7810 5165 52496806 1 1380 500 485
7758 4990 52496816 1 1400 500 486
7710 4748 52496826 1 1420 490 491
7664 4462 52496836 1 1420 490 488
7636 4191 52496846 1 1430 490 418
7648 4017 52496856 1 1430 490 239
7821 4891 52496956 0 1360 500 338
7916 4986 52496966 1 1360 500 366
7968 5118 52496976 1 1360 500 402
8005 5181 52496986 1 1360 500 495
8101 5198 52496996 1 1370 510 586
8275 5236 52497006 1 1370 510 658
8502 5281 52497016 1 1370 510 710
8756 5330 52497026 1 1370 510 739
9035 5364 52497036 1 1400 510 768
9331 5393 52497046 1 1400 510 791
9640 5404 52497056 1 1410 510 783
9894 5404 52497066 1 1430 510 793
10110 5383 52497076 1 1440 510 818
10230 5346 52497086 1 1460 520 832
10292 5298 52497096 1 1470 520 828
10314 5223 52497106 1 1480 530 848
10289 5120 52497116 1 1490 530 857
10229 4998 52497126 1 1510 530 860
10146 4855 52497136 1 1520 540 849
10029 4704 52497146 1 1530 540 845
9870 4549 52497156 1 1540 550 827
9682 4379 52497166 1 1550 550 754
9501 4222 52497176 1 1550 550 659
9320 4075 52497186 1 1570 560 425
7770 3856 52497276 0 1480 560 498
7737 3774 52497287 1 1460 550 514
7749 3829 52497297 1 1450 550 513
7784 3850 52497307 1 1450 550 537
7974 3850 52497317 1 1440 540 591
8268 3895 52497327 1 1420 540 638
8551 3966 52497337 1 1410 530 659
8837 4053 52497347 1 1410 530 655
9126 4121 52497357 1 1400 530 639
9339 4188 52497367 1 1400 530 369
9239 6624 52497517 0 1520 510 431
9239 6624 52497527 1 1520 490 443
9149 6652 52497537 1 1510 480 450
9112 6657 52497547 1 1520 460 473
9071 6509 52497557 1 1530 460 539
9028 6249 52497567 1 1530 460 620
8972 5914 52497577 1 1540 450 697
8898 5522 52497587 1 1540 450 731
8812 5047 52497597 1 1540 450 730
8723 4517 52497607 1 1530 450 743
8668 3977 52497617 1 1520 450 755
8636 3444 52497627 1 1520 450 761
8625 2917 52497637 1 1500 470 736
8618 2445 52497647 1 1480 480 688
8613 2073 52497657 1 1480 500 561
8623 1768 52497657 1 1450 530 207
