155
1553 7156 75801857 0 1290 490 127
1553 7156 75801867 1 1330 470 334
1538 7075 75801877 1 1330 470 364
1484 7010 75801887 1 1330 470 415
1478 6800 75801897 1 1320 480 497
1478 6520 75801907 1 1330 480 565
1493 6193 75801917 1 1320 490 600
1500 5702 75801927 1 1320 490 617
1513 5206 75801937 1 1290 500 644
1523 4731 75801947 1 1270 510 647
1529 4273 75801957 1 1270 520 667
1541 3871 75801967 1 1230 530 679
1557 3606 75801977 1 1200 540 694
1579 3432 75801987 1 1170 550 697
1603 3335 75801997 1 1150 550 691
1613 3300 75802007 1 1130 570 684
1613 3307 75802017 1 1090 570 666
1608 3372 75802027 1 1080 580 665
1590 3554 75802037 1 1050 580 630
1562 3813 75802047 1 1030 580 613
1544 4190 75802057 1 1020 580 620
1550 4618 75802067 1 1000 600 620
1573 5081 75802077 1 990 600 611
1641 5539 75802087 1 990 600 619
1740 5925 75802097 1 990 610 613
1859 6262 75802107 1 1010 610 591
1994 6560 75802117 1 1020 600 589
2135 6754 75802127 1 1040 600 578
2272 6879 75802137 1 1080 600 574
2403 6931 75802147 1 1090 600 580
2534 6886 75802157 1 1130 590 591
2648 6777 75802167 1 1170 590 627
2750 6578 75802177 1 1180 590 649
2814 6323 75802187 1 1210 580 676
2847 6031 75802197 1 1230 580 711
2858 5765 75802207 1 1260 580 733
2829 5538 75802217 1 1270 570 751
2774 5338 75802227 1 1270 570 757
2702 5156 75802237 1 1280 570 757
2591 5021 75802247 1 1280 570 761
2470 4917 75802257 1 1280 570 763
2343 4881 75802267 1 1270 570 760
2219 4913 75802277 1 1260 570 761
2100 4991 75802287 1 1260 570 763
1983 5107 75802297 1 1240 570 750
1912 5195 75802307 1 1230 580 763
1888 5264 75802317 1 1230 580 760
1895 5286 75802327 1 1210 580 760
1931 5276 75802337 1 1200 580 750
2021 5245 75802347 1 1200 580 763
2147 5135 75802357 1 1200 580 788
2308 4942 75802367 1 1190 580 794
2508 4693 75802377 1 1190 580 803
2733 4454 75802387 1 1190 580 811
2962 4210 75802397 1 1170 580 803
3214 4052 75802407 1 1170 580 797
3482 3954 75802417 1 1170 580 793
3748 3935 75802427 1 1170 580 756
3966 3991 75802437 1 1160 580 722
4152 4097 75802447 1 1160 580 694
4319 4238 75802457 1 1150 580 684
4454 4388 75802467 1 1130 580 667
4567 4543 75802477 1 1130 580 670
4668 4661 75802487 1 1130 580 665
4741 4744 75802497 1 1130 570 662
4795 4803 75802507 1 1130 570 673
4801 4811 75802517 1 1130 570 664
4776 4791 75802527 1 1130 570 681
4730 4752 75802537 1 1130 570 708
4683 4670 75802547 1 1130 570 751
4639 4544 75802557 1 1130 570 785
4627 4388 75802567 1 1120 560 793
4636 4214 75802577 1 1120 560 800
4699 4069 75802587 1 1120 560 805
4788 3943 75802597 1 1130 560 802
4894 3872 75802607 1 1130 560 802
5010 3859 75802617 1 1130 560 800
5126 3886 75802627 1 1140 570 803
5239 3966 75802637 1 1140 570 802
5318 4073 75802647 1 1140 570 803
5376 4198 75802657 1 1140 570 797
5388 4353 75802667 1 1140 570 787
5364 4513 75802677 1 1140 570 783
5316 4677 75802687 1 1140 570 783
5260 4816 75802697 1 1140 570 788
5204 4869 75802707 1 1140 570 794
5147 4864 75802717 1 1140 570 809
5106 4856 75802727 1 1140 570 809
5116 4845 75802737 1 1160 560 812
5161 4795 75802747 1 1160 560 829
5272 4720 75802757 1 1160 560 818
5436 4680 75802767 1 1170 560 824
5635 4672 75802777 1 1180 570 821
5892 4686 75802787 1 1180 570 824
6146 4736 75802797 1 1180 570 818
6399 4824 75802807 1 1180 570 826
6633 4938 75802817 1 1180 570 811
6838 5075 75802827 1 1190 580 793
7023 5240 75802837 1 1190 580 779
7157 5425 75802847 1 1190 580 739
7255 5625 75802857 1 1200 580 690
7330 5834 75802867 1 1200 580 671
7338 6050 75802877 1 1200 580 670
7295 6191 75802887 1 1210 590 670
7219 6230 75802897 1 1210 590 700
7125 6200 75802907 1 1230 590 760
7028 6099 75802917 1 1240 600 796
6930 5907 75802927 1 1250 590 830
6845 5654 75802937 1 1270 590 860
6802 5340 75802938 1 1270 590 875
6786 5008 75802948 1 1280 580 894
6786 4664 75802958 1 1270 590 892
6806 4368 75802968 1 1270 590 908
6847 4129 75802978 1 1270 590 906
6899 3928 75802988 1 1250 590 897
6954 3838 75802998 1 1250 590 893
7017 3848 75803008 1 1250 590 878
7098 3926 75803018 1 1240 600 873
7190 4073 75803028 1 1240 600 864
7310 4261 75803038 1 1220 600 864
7456 4477 75803048 1 1200 600 861
7618 4580 75803058 1 1190 610 863
7786 4609 75803068 1 1190 610 864
7960 4590 75803079 1 1170 610 872
8111 4520 75803089 1 1150 620 875
8244 4419 75803099 1 1160 630 875
8374 4298 75803109 1 1150 630 878
8487 4201 75803119 1 1150 630 875
8588 4128 75803129 1 1150 630 872
8680 4070 75803139 1 1150 630 867
8772 4056 75803149 1 1150 630 843
8897 4084 75803159 1 1150 630 796
9042 4140 75803169 1 1150 630 694
9192 4237 75803179 1 1150 630 554
9378 4343 75803189 1 1160 640 546
9589 4456 75803199 1 1170 630 543
9797 4557 75803209 1 1170 630 602
10006 4608 75803219 1 1170 630 670
10174 4627 75803229 1 1190 640 731
10314 4590 75803239 1 1190 640 751
10455 4541 75803249 1 1190 640 746
10574 4484 75803259 1 1190 640 682
10677 4453 75803269 1 1190 640 218
9789 4997 75803389 0 1260 620 244
9630 5043 75803399 1 1270 620 361
9587 5038 75803409 1 1270 620 496
9548 5011 75803419 1 1270 620 568
9514 4958 75803429 1 1290 610 574
9467 4893 75803439 1 1290 610 473
8519 5153 75803529 0 1310 610 793
8273 5106 75803539 1 1310 610 799
8059 5177 75803549 1 1310 610 806
7959 5192 75803559 1 1290 600 788
7935 5169 75803569 1 1290 600 663
7909 5145 75803579 1 1290 600 222
